Day fraction since midnight on 	Accumulator Pressure (Pa)	DO probe (mg/L)	Source Pressure (Pa)	air valve control ()
0.650112713	12729	3.126930237	29906.05469	0.064046931
0.650124287	12728.09473	2.814777136	29906.05469	0.063964991
0.650135872	12719.55371	2.541495323	29906.05469	0.063949082
0.650147432	12726.58496	2.303889036	29906.05469	0.064020225
0.650159002	12734.32422	2.068263531	29896.61133	0.064057375
0.650170586	12719.77051	1.856323957	29896.61133	0.063959253
0.650182145	12695.61523	1.653907776	29896.61133	0.063909938
0.650193727	12723.57422	1.478378773	29896.61133	0.064005641
0.650205294	12723.3457	1.36491251	29896.61133	0.063993851
0.650216871	12698.36621	1.242330432	29915.68945	0.063891706
0.650228457	12692.0498	1.0833112	29915.68945	0.063864279
0.650240043	12721.96191	0.947740555	29915.68945	0.063969881
0.650251604	12745.69629	0.87965256	29915.68945	0.063994863
0.650263168	12722.36523	0.794919431	29915.68945	0.063963215
0.650274753	12715.87012	0.718111992	29939.25781	0.063901192
0.650286329	12717.40234	0.628745616	29939.25781	0.063903857
0.650297898	12704.46777	0.543593168	29939.25781	0.063903402
0.650309473	12720.1123	0.520029903	29939.25781	0.063925322
0.650321054	12694.19434	0.484616131	29939.25781	0.063826876
0.65033263	12658.12988	0.416447908	29933.04492	0.063807445
0.650344209	12609.87891	0.374218136	29933.04492	0.06370251
0.650355779	12634.64453	0.356303126	29933.04492	0.06377747
0.65036734	12637.31641	0.294180274	29933.04492	0.063810675
0.650378911	12644.62793	0.263670892	29933.04492	0.063767082
0.650390488	12622.26563	0.25164938	29899.62891	0.06381903
0.650402067	12655.92773	0.22591345	29899.62891	0.06388701
0.650413625	12630.60254	0.182982042	29899.62891	0.063787787
0.650425226	12634.31836	0.148647904	29899.62891	0.063894026
0.650436793	12651.28223	0.126350224	29899.62891	0.063843333
0.65044835	12553.19922	0.102495179	29876.32227	0.063789585
0.650459928	12612.2832	0.052195754	29876.32227	0.063813247
0.650471523	12617.98828	0.059281066	29876.32227	0.063800046
0.650483075	12653.38184	0.035269611	29876.32227	0.0638646
0.650494654	12656.25391	0.045711253	29876.32227	0.063939416
0.650506226	12662.43848	0.012647583	29872.62695	0.063923192
0.650517797	12626.84473	0.002988	29872.62695	0.063831966
0.650529383	12628.74414	-0.000476624	29872.62695	0.063854078
0.650540958	12633.20313	-0.002042817	29872.62695	0.063880832
0.650552545	12649.51563	-0.002462074	29872.62695	0.063957543
0.650564113	12623.51367	-0.004087956	29830.83984	0.063817
0.650575674	12625.68652	-0.004551967	29830.83984	0.063951438
0.650587231	12630.94434	-0.007179776	29830.83984	0.063949618
0.650598813	12618.93359	-0.009209526	29830.83984	0.06395273
0.650610393	12639.78809	-0.021338986	29830.83984	0.063966565
0.650621973	12633.06934	-0.020400936	29772.16797	0.064068532
0.650633539	12642.28027	-0.027256923	29772.16797	0.064116021
0.650645119	12645.4502	-0.038712598	29772.16797	0.064075711
0.650656695	12622.11035	-0.043747939	29772.16797	0.064082125
0.650668278	12627.14258	-0.050625157	29772.16797	0.06408165
0.65067985	12631.3291	-0.061414875	29741.94727	0.064176384
0.650691423	12619.11719	-0.068292573	29741.94727	0.064104759
0.650703005	12593.8916	-0.072604202	29741.94727	0.064062121
0.650714555	12621.22754	-0.079901941	29741.94727	0.064088063
0.650726143	12633.62305	-0.086443983	29741.94727	0.064179912
0.650737729	12593.27637	-0.092746355	29691.14844	0.064210402
0.650749283	12623.05859	-0.093829125	29691.14844	0.064180766
0.650760858	12619.88281	-0.103498399	29691.14844	0.064239897
0.650772446	12605.14844	-0.105053678	29691.14844	0.064197292
0.650783998	12633.91504	-0.111384794	29691.14844	0.06427563
0.650795572	12601.21973	-0.111882553	29612.28125	0.06433225
0.650807173	12645.63477	-0.114926457	29612.28125	0.064452477
0.650818724	12612.17188	-0.116566129	29612.28125	0.064365422
0.650830297	12623.72168	-0.121215694	29612.28125	0.064419632
0.650841885	12640.74609	-0.1200509	29612.28125	0.064399223
0.650853456	12589.46094	-0.120276779	29565.14258	0.064374469
0.650865043	12627.2207	-0.121415436	29565.14258	0.064531675
0.650876597	12641.80469	-0.126599953	29565.14258	0.064505084
0.650888176	12617.2998	-0.140307188	29565.14258	0.064475551
0.650899756	12613.88867	-0.121558771	29565.14258	0.064469819
0.650911343	12623.78516	-0.125717059	29513.3457	0.064511845
0.6509229	12608.20215	-0.126593873	29513.3457	0.064536099
0.650934469	12601.1543	-0.128526643	29513.3457	0.064575067
0.650946054	12593.35059	-0.12930648	29513.3457	0.064509871
0.650957642	12595.91895	-0.128835231	29513.3457	0.064524583
0.650969191	12599.69141	-0.129361808	29463.41211	0.064647511
0.650980784	12618.08887	-0.12972784	29463.41211	0.064684295
0.650992348	12611.65527	-0.130350187	29463.41211	0.064692138
0.651003923	12611.09082	-0.130982354	29463.41211	0.064669314
0.651015488	12624.23047	-0.133232713	29463.41211	0.064716397
0.651027078	12603.99023	-0.132866591	29360.14258	0.064886065
0.651038629	12608.59766	-0.132971361	29360.14258	0.064849657
0.651050246	12651.37598	-0.133810222	29360.14258	0.065059153
0.651061778	12628.00391	-0.133546278	29360.14258	0.064892836
0.651073356	12600.54297	-0.135168403	29360.14258	0.0649058
0.651084929	12597.23438	-0.133075953	29309.7793	0.064958834
0.651096497	12605.07813	-0.135068461	29309.7793	0.064906488
0.651108097	12592.53809	-0.134538874	29309.7793	0.064946848
0.651119645	12583.70605	-0.135595232	29309.7793	0.064923852
0.651131233	12617.125	-0.13521488	29309.7793	0.065008823
0.651142827	12562.20996	-0.136106536	29265.49805	0.064956499
0.65115438	12626.03125	-0.136739552	29265.49805	0.065121545
0.651165964	12620.59082	-0.131186888	29265.49805	0.039032505
0.651177543	12576.36914	-0.135960251	29265.49805	0.038989646
0.651189095	12645.63184	-0.137724727	29265.49805	0.039087575
0.651200695	12995.14063	-0.136673644	29140.36328	0.039880966
0.651212245	13274.20898	-0.138297394	29140.36328	0.040117742
0.651223835	13431.54395	-0.137749091	29140.36328	0.040081035
0.651235405	14074.63672	-0.13793166	29140.36328	0.040969405
0.651246961	14593.51758	-0.138719335	29140.36328	0.041821039
0.651258532	15127.78027	-0.14290759	29094.29883	0.042108994
0.651270124	14443.33691	-0.15663287	29094.29883	0.041311929
0.651281723	13925.11719	-0.137528762	29094.29883	0.0406829
0.651293277	14256.5752	-0.131246239	29094.29883	0.041415776
0.651304851	15142.73633	-0.138261452	29094.29883	0.042899026
0.651316407	15457.13184	-0.13663502	28986.78711	0.043250852
0.651327987	15566.73828	-0.135222495	28986.78711	0.043047361
0.651339566	15928.15039	-0.132342696	28986.78711	0.043800625
0.651351153	16340.19824	-0.129349932	28986.78711	0.044709903
0.651362712	16860.30859	-0.126184613	28986.78711	0.045614662
0.651374287	17402.0625	-0.123551637	28884.84961	0.046634961
0.651385865	17152.0625	-0.120553829	28884.84961	0.045809592
0.65139743	16492.83594	-0.109583609	28884.84961	0.044600977
0.651409	16385.90625	-0.095338479	28884.84961	0.045277302
0.65142058	17186.35938	-0.067246296	28884.84961	0.046400058
0.651432171	16967.44336	-0.038874723	28804.27539	0.045673327
0.65144375	16552.12109	-0.013802968	28804.27539	0.045035149
0.651455302	16024.88086	-0.003823449	28804.27539	0.044174267
0.651466897	15941.16406	0.002774326	28804.27539	0.044284882
0.651478451	15957.25879	0.045859419	28804.27539	0.044205633
0.651490049	15948.42188	0.115935721	28715.60156	0.044285401
0.651501593	15946.69629	0.17492424	28715.60156	0.044309174
0.651513175	15956.99121	0.240065277	28715.60156	0.044412728
0.651524771	15942.67871	0.261635155	28715.60156	0.044399231
0.651536322	16014.31641	0.274883121	28715.60156	0.044477799
0.651547918	15947.1543	0.301842868	28760.35156	0.044311783
0.651559473	16012.33887	0.329128206	28760.35156	0.044330844
0.651571065	15977.00781	0.349713475	28760.35156	0.04433504
0.651582617	15970.24512	0.360331953	28760.35156	0.044268787
0.651594205	15996.5498	0.366215318	28760.35156	0.044354055
0.651605791	15973.35547	0.371355176	28803.83008	0.044335752
0.651617343	15968.84961	0.375037074	28803.83008	0.044237683
0.65162894	15987.8125	0.378132314	28803.83008	0.044242623
0.651640498	16000.62012	0.376247585	28803.83008	0.044260764
0.651652064	15976.95313	0.371706754	28803.83008	0.044188385
0.651663638	15981.46973	0.375048101	28856.12109	0.044137459
0.651675208	15946.97266	0.346596658	28856.12109	0.044060767
0.651686798	16009.05078	0.36418581	28856.12109	0.044197156
0.651698357	15977.6416	0.364792466	28856.12109	0.044191435
0.65170994	15974.20605	0.36212346	28856.12109	0.044146925
0.651721531	16002.78027	0.348822445	28888.08398	0.044199711
0.651733117	15995.64941	0.341574878	28888.08398	0.044090086
aerate off				
0.651744662	16046.15234	0.336447001	28888.08398	0.044168137
0.65175624	16004.70117	0.329495192	28888.08398	0.044102191
0.651767822	15989.73926	0.321044475	28888.08398	0.04409877
0.651779374	15990.77246	0.318935841	28949.04883	0.044108449
0.651790951	16009.38281	0.313845754	28949.04883	0.044021897
0.651802541	16004.84277	0.292068124	28949.04883	0.043995379
0.651814095	15994.04297	0.331542969	28949.04883	0.043929542
0.651825685	16040.25586	0.302928299	28949.04883	0.04407636
0.65183727	16021.23828	0.291676879	28969.6582	0.044057307
0.651848818	15993.89258	0.287647069	28969.6582	0.04397616
0.651860398	16017.21777	0.285521895	28969.6582	0.044044624
0.651871963	15996.33789	0.276009351	28969.6582	0.044013192
0.651883533	16003.19141	0.273103207	28969.6582	0.043953083
0.65189511	16002.52051	0.273511112	29008.89648	0.043995438
0.65190671	16032.28516	0.270527542	29008.89648	0.04395046
0.65191826	15995.26074	0.270599455	29008.89648	0.043900431
0.651929864	16020.28125	0.2690714	29008.89648	0.043904101
0.651941437	15995.49121	0.266610503	29008.89648	0.043945106
0.651953011	16018.53027	0.260326892	29028.14453	0.043856703
0.651964564	15993.38184	0.26400575	29028.14453	0.043881272
0.651976139	16034.94434	0.265497595	29028.14453	0.043961801
0.651987722	16019.34863	0.268865526	29028.14453	0.043896471
0.651999277	15977.09375	0.266819984	29028.14453	0.043788168
0.652010861	15984.04688	0.265718103	29038.36914	0.043789093
0.652022436	15995.28418	0.262371481	29038.36914	0.043846109
0.652034008	16000.60059	0.262156487	29038.36914	0.043844422
0.652045579	15958.62793	0.262052804	29038.36914	0.043784309
0.652057158	16010.78906	0.262475252	29038.36914	0.043873742
0.652068751	15966.17578	0.261402786	29077.22266	0.043813479
0.652080325	16021.7998	0.261962771	29077.22266	0.043814371
0.652091892	15985.74707	0.261845142	29077.22266	0.043771375
0.652103452	15986.1748	0.261583477	29077.22266	0.043775766
0.652115034	16016.0166	0.261584133	29077.22266	0.043844772
0.652126596	15984.47656	0.262577891	29083.64063	0.043792609
0.652138164	16020.90723	0.261111975	29083.64063	0.043828006
0.652149746	16013.75684	0.260800928	29083.64063	0.043826333
0.652161346	15985.43555	0.261423439	29083.64063	0.043737427
0.652172897	15996.6709	0.251646102	29083.64063	0.043788298
0.652184271	16004.1748	0.261061996	29083.64063	0.043741862
0.652196042	16008.28906	0.261963576	29110.65625	0.043715678
0.652207613	16002.5752	0.261533111	29110.65625	0.043730634
0.652219186	15984.58301	0.261997998	29110.65625	0.043671781
0.652230802	15984.69629	0.262999028	29110.65625	0.04368126
0.652242354	15996.5127	0.262636721	29142.29883	0.043724101
0.652253915	16008.05273	0.273306429	29142.29883	0.043672765
0.652265511	15989.28809	0.268030524	29142.29883	0.043644474
0.652277066	16008.80957	0.274748653	29142.29883	0.043669506
0.652288626	16024.74609	0.265360594	29142.29883	0.043684898
0.652300218	15993.58594	0.263990849	29279.1582	0.04368941
0.65231178	15972.59668	0.265105426	29279.1582	0.043377675
0.652323355	15979.65625	0.26268366	29279.1582	0.043378544
0.652334952	15958.80664	0.264776051	29279.1582	0.04339729
0.652346512	15957.52246	0.26346758	29279.1582	0.043367035
0.652357908	15949.75	0.26525563	29279.1582	0.04333443
0.652369645	16008.82715	0.262541056	29467.93164	0.043126423
0.65238124	16031.19629	0.265182078	29467.93164	0.043163321
0.652392811	15995.47559	0.26477024	29467.93164	0.043117956
0.652404381	16001.91602	0.264882714	29467.93164	0.043108572
0.65241578	16014.03711	0.262319922	29467.93164	0.043157281
0.652427539	15992.89355	0.269918203	29609.34961	0.042852734
0.652439103	15982.64746	0.275120676	29609.34961	0.042844432
0.652450675	16015.20313	0.26779893	29609.34961	0.042895584
0.652462244	15996.02734	0.270009786	29609.34961	0.042878775
0.652473647	15979.54492	0.272479594	29609.34961	0.042813623
0.652485389	15997.73926	0.270477384	29799.1543	0.042597478
0.652496972	16013.12109	0.272417396	29799.1543	0.042596115
0.652508548	16011.0166	0.272542298	29799.1543	0.042604632
0.652520141	16000.61621	0.270013839	29799.1543	0.042541322
0.652531705	15991.72363	0.27025497	29967.99023	0.042605561
0.652543259	16016.79883	0.280388922	29967.99023	0.042351259
0.652554853	15989.7998	0.279310256	29967.99023	0.042266242
0.652566417	15991.19727	0.275302023	29967.99023	0.04221145
0.652577995	15981.04199	0.274929524	29967.99023	0.042254425
0.652589552	16017.48242	0.273485899	30120.79492	0.042337052
0.652601134	16007.21875	0.275289714	30120.79492	0.042052083
0.652612703	16015.36719	0.276859224	30120.79492	0.042096477
0.652624293	16008.38867	0.27056846	30120.79492	0.042091684
0.652635852	15978.05469	0.315475285	30120.79492	0.042022505
0.652647278	15983.41113	0.289921522	30120.79492	0.042006883
0.652658995	15991.14844	0.28854841	30318.38086	0.041786311
0.652670592	15995.4541	0.288920701	30318.38086	0.041695008
0.652682159	16013.2666	0.281054437	30318.38086	0.041774097
0.652693735	16009.17383	0.272055864	30318.38086	0.04177528
0.652705161	16000.24316	0.283440471	30318.38086	0.04173181
0.65271687	16004.49609	0.298109829	30386.95703	0.041660013
0.652728452	16000.79102	0.327639639	30386.95703	0.041643883
0.652740021	16029.31152	0.297060549	30386.95703	0.041696969
0.652751607	15992.0791	0.284871042	30386.95703	0.041613075
0.652763171	15979.67773	0.316848218	30503.39258	0.041578271
0.65277477	16030.37012	0.305272162	30503.39258	0.041455401
0.652786328	15949.27539	0.298181772	30503.39258	0.0413968
0.652797896	15974.32422	0.297463417	30503.39258	0.041382571
0.65280947	15991.42188	0.301237762	30503.39258	0.041436473
0.652821058	15987.82422	0.302290261	30495.83203	0.041417384
0.652832637	16000.44238	0.302966386	30495.83203	0.041442689
0.652844208	15987.87695	0.305231839	30495.83203	0.041433755
0.652855763	15984.25586	0.298544943	30495.83203	0.041444425
0.652867334	16003.81152	0.307724834	30495.83203	0.04147883
0.652878773	16014.01563	0.317780316	30495.83203	0.041471523
0.652890497	15998.27734	0.318284601	30262.44336	0.041820454
0.652902073	16016.07129	0.318118125	30262.44336	0.041845859
0.652913635	16006.76953	0.317311466	30262.44336	0.041870899
0.652925201	15974.97559	0.32295081	30262.44336	0.041778632
0.652936793	15945.12402	0.322450668	30045.73242	0.041746186
0.652948359	15967.42969	0.326216519	30045.73242	0.042131548
0.652959936	16011.08105	0.326715797	30045.73242	0.042205293
0.652971508	16005.95508	0.326454192	30045.73242	0.042188348
0.652983077	15988.4209	0.33205229	30045.73242	0.042144476
0.652994655	15985.11328	0.332656592	29920.43359	0.042112565
0.653006263	15965.5498	0.334750474	29920.43359	0.04235722
0.653017797	15973.05176	0.337004006	29920.43359	0.042341443
0.653029379	15988.32324	0.341397464	29920.43359	0.042362845
0.653040969	15976.66113	0.341665477	29920.43359	0.042337174
0.65305253	15952.93945	0.34211278	29806.39453	0.042357411
0.653064102	15959.8252	0.353569508	29806.39453	0.042506108
0.653075679	15991.11914	0.342852444	29806.39453	0.042549079
0.653087252	15939.74609	0.352152079	29806.39453	0.04244034
0.653098832	15981.2627	0.35696736	29806.39453	0.042485279
0.653110325	15946.88281	0.355329335	29806.39453	0.042491894
0.653121988	15971.16016	0.356830239	29664.16211	0.042701359
0.653133561	15986.58984	0.355902582	29664.16211	0.042747852
0.653145125	15985.11719	0.360057831	29664.16211	0.042759512
0.653156711	15932.07324	0.359548807	29664.16211	0.042690905
0.653168205	15999.77344	0.362635523	29664.16211	0.04283679
0.653179835	15964.71973	0.364719093	29534.29883	0.042953057
0.653191415	15957.29199	0.365557224	29534.29883	0.042906938
0.653202995	15932.50781	0.366785288	29534.29883	0.042917058
0.653214582	15998.90918	0.366980881	29534.29883	0.042989706
0.653226089	15967.29688	0.367594063	29534.29883	0.042986706
0.653237722	15956.56055	0.369796097	29432.08398	0.04305887
0.653249281	15929.48926	0.369779289	29432.08398	0.043071139
0.653260873	15916.20703	0.370899469	29432.08398	0.043042741
0.65327244	15997.40039	0.372440487	29432.08398	0.043172997
0.653283965	15952.34277	0.371984214	29432.08398	0.043066096
0.653295602	15983.62012	0.373614967	29320.31641	0.04338178
0.653307162	15967.69727	0.376875818	29320.31641	0.043344869
0.653318739	15940.47363	0.364708751	29320.31641	0.043249838
0.653330301	16003.25977	0.375858784	29320.31641	0.043414019
0.653341842	15981.79102	0.380733758	29320.31641	0.043295382
0.653353444	15925.00098	0.38575244	29361.23242	0.043167403
0.653365018	15971.93945	0.380104542	29361.23242	0.04323907
0.653376608	15953.54395	0.383023262	29361.23242	0.043241314
0.653388163	15931.57031	0.386094004	29361.23242	0.04318364
0.653399716	15959.11523	0.385252506	29361.23242	0.043236531
0.653411344	15969.4502	0.385487884	29316.22656	0.043298471
0.653422908	15944.20801	0.386620522	29316.22656	0.043241186
0.65343448	15952.08008	0.385257006	29316.22656	0.043315735
0.653446046	15954.21289	0.384367704	29316.22656	0.043298498
0.653457604	15991.32813	0.387866527	29316.22656	0.043347266
0.653469192	15969.30176	0.391638786	29269.53711	0.043394466
0.653480767	15915.5752	0.386359215	29269.53711	0.043266736
0.653492353	15916.90039	0.387452692	29269.53711	0.043353253
0.653503918	15946.20605	0.391011626	29269.53711	0.043366982
0.653515488	15955.0459	0.391325295	29269.53711	0.043326632
0.653527064	15948.85254	0.390645683	29195.60742	0.043479516
0.653538632	15970.44824	0.38656494	29195.60742	0.043492013
0.653550213	15917.07422	0.365295202	29195.60742	0.043520072
0.653561775	15996.98535	0.419157296	29195.60742	0.043586105
0.65357337	15922.62598	0.390278369	29195.60742	0.043461183
0.653584956	15981.26465	0.391901881	29141.6582	0.043646607
0.653596503	15965.41309	0.392575473	29141.6582	0.043672686
0.653608101	15936.25	0.392266929	29141.6582	0.043555364
0.65361965	15971.7666	0.391848415	29141.6582	0.043628592
0.653631227	15967.45508	0.391640186	29141.6582	0.043621485
0.653642815	15939.50098	0.39691782	29197.17188	0.043469254
0.653654395	15945.60547	0.396146804	29197.17188	0.043471114
0.653665956	15942.48438	0.394523591	29197.17188	0.043466213
0.653677527	15956.1748	0.396813452	29197.17188	0.043484778
0.65368909	15959.84863	0.393892318	29197.17188	0.043476735
0.653700679	15925.67383	0.39858523	29297.76367	0.043295926
0.65371226	15972.70801	0.397925347	29297.76367	0.043362775
0.653723822	15962.24316	0.396820545	29297.76367	0.043331813
0.653735386	15924.48438	0.396620363	29297.76367	0.04324566
0.653746965	15965.62598	0.400918901	29297.76367	0.043362487
0.653758549	15981.49121	0.401288301	29335.53906	0.043279566
0.653770125	16004.32422	0.401928008	29335.53906	0.043374257
0.653781681	15946.31152	0.401296377	29335.53906	0.043277888
0.653793274	15967.78809	0.402106434	29335.53906	0.043285575
0.653804839	15936.99707	0.402472645	29335.53906	0.043226604
0.653816425	15985.44727	0.40061602	29367.24805	0.043226736
0.653827979	15966.23633	0.404852301	29367.24805	0.043198813
0.653839583	15937.2041	0.40396443	29367.24805	0.043165322
0.653851129	15978.37891	0.416089565	29367.24805	0.043254842
0.653862712	15995.36426	0.410830766	29367.24805	0.043261686
0.653874283	15982.2373	0.41019553	29358.87305	0.043310034
0.653885879	15973.68945	0.412704676	29358.87305	0.043245005
0.653897431	15991.55078	0.408505797	29358.87305	0.043316156
0.653909009	15982.44629	0.41460526	29358.87305	0.043292084
0.653920575	15970.74219	0.414690882	29358.87305	0.043262908
0.653932152	15948.30078	0.412948459	29342.97461	0.043226763
0.653943732	15967.79199	0.413986653	29342.97461	0.043243965
0.65395531	15974.74414	0.412599742	29342.97461	0.04334365
0.653966874	15967.05566	0.411047965	29342.97461	0.043239288
0.65397845	15966.94238	0.407392234	29342.97461	0.043325634
0.653990036	15947.58301	0.388753951	29296.29297	0.043352875
0.65400159	16007.72363	0.475231051	29296.29297	0.043388094
0.654013176	16018.21582	0.435532302	29296.29297	0.043403882
0.654024762	15974.10254	0.418551534	29296.29297	0.04337093
0.654036321	15991.94629	0.425996631	29296.29297	0.043373557
0.654047897	15999.57813	0.425961822	29249.20898	0.043502173
0.654059484	16007.61621	0.426080674	29249.20898	0.043542816
0.654071046	16022.90723	0.430253267	29249.20898	0.043533717
0.654082609	15994.21973	0.432545602	29249.20898	0.043409464
0.654094184	15983.72168	0.435147613	29249.20898	0.043448357
0.654105777	15994.73828	0.431938797	29259.88867	0.043464356
0.654117346	15983.19727	0.433179021	29259.88867	0.043454051
0.654128908	16005.34277	0.441223085	29259.88867	0.043474374
0.654140479	15972.40234	0.438162774	29259.88867	0.043414657
0.654152069	16007.44434	0.435862541	29259.88867	0.043510215
0.654163642	15988.10645	0.43773374	29232.96094	0.043486619
0.654175244	15991.54688	0.441033453	29232.96094	0.043543114
0.654186776	16038.38184	0.440418005	29232.96094	0.043653087
0.654198366	15988.85352	0.430719346	29232.96094	0.0434953
0.65420993	15996.54199	0.433111161	29232.96094	0.043526346
0.654221531	16014.65723	0.448784798	29305.52539	0.04345669
0.654233089	15998.25	0.443955869	29305.52539	0.043319617
0.654244655	16002.20508	0.454394221	29305.52539	0.043396811
0.654256239	16014.49707	0.44929266	29305.52539	0.043405843
0.654267802	16015.17578	0.449024797	29305.52539	0.043469922
0.654279383	15982.12012	0.452131361	29362.52148	0.043289765
0.654290945	16014.39453	0.459275574	29362.52148	0.043302
0.654302521	16004.38867	0.457271814	29362.52148	0.043257063
0.654314095	16025.27637	0.46072188	29362.52148	0.043328142
0.654325679	16018.27832	0.467110813	29362.52148	0.043304821
0.654337263	16045.74902	0.469172418	29463.16602	0.043234998
0.654348843	16008.66895	0.473457873	29463.16602	0.043173992
0.65436042	16005.51367	0.477384239	29463.16602	0.04316024
0.654371968	16008.26953	0.480782032	29463.16602	0.043162556
0.654383546	16015.92285	0.483672142	29463.16602	0.043142968
0.654395113	16040.25195	0.477875441	29520.35938	0.043091013
0.654406707	16065.8916	0.473639995	29520.35938	0.043100612
0.654418264	16021.18164	0.492326856	29520.35938	0.043037417
0.654429838	16036.03613	0.492944062	29520.35938	0.043091494
0.654441419	16031.33496	0.491791695	29520.35938	0.043031388
0.654452981	16081.26758	0.49325189	29624.66406	0.042992783
0.654464557	16013.95898	0.496528	29624.66406	0.042876861
0.654476158	16013.16211	0.496380717	29624.66406	0.042875072
0.65448773	16019.09766	0.497049779	29624.66406	0.042880841
0.654499274	16045.6416	0.498829335	29624.66406	0.042944613
0.65451085	16034.25781	0.498906553	29731.18359	0.042736638
0.654522437	16064.11133	0.502919614	29731.18359	0.042790064
0.654534019	16036.99414	0.49279958	29731.18359	0.042726829
0.654545599	16070.80176	0.507931054	29731.18359	0.042785014
0.654557159	16014.00195	0.500295281	29731.18359	0.042722814
0.654568719	16040.42188	0.509973466	29918.4668	0.0424046
0.654580297	16057.45898	0.509863854	29918.4668	0.042478383
0.654591876	16021.68262	0.513170779	29918.4668	0.042389667
0.654603462	16040.00293	0.509057224	29918.4668	0.042412735
0.654615043	16048.02441	0.513268709	29918.4668	0.04241298
0.6546266	16057.58887	0.513397336	30061.03906	0.04223129
0.654638178	16035.78516	0.513694406	30061.03906	0.042171129
0.654649743	16056.74316	0.512752295	30061.03906	0.042219336
0.654661326	16030.67578	0.510815442	30061.03906	0.042197193
0.654672913	16051.52637	0.516599953	30061.03906	0.042165552
0.654684482	16031.89063	0.515653431	30245.96484	0.041923729
0.654696048	15988.85742	0.516776323	30245.96484	0.041804027
0.654707617	16020.00977	0.516165912	30245.96484	0.041878154
0.654719188	16054.61914	0.515735626	30245.96484	0.041908937
0.654730768	16074.72363	0.517305851	30245.96484	0.04200844
0.654742335	16071.44727	0.516629696	30392.54688	0.041744125
0.654753918	16054.29395	0.51871407	30392.54688	0.041675977
0.654765501	16011.47266	0.518399417	30392.54688	0.04162661
0.654777085	16010.0752	0.519499421	30392.54688	0.041665752
0.654788644	16025.56543	0.519253135	30392.54688	0.04163848
0.654800217	16053.41016	0.520290017	30571.53711	0.041433532
0.654811787	16070.5625	0.518407822	30571.53711	0.041403685
0.654823374	16033.99707	0.520705164	30571.53711	0.041394707
0.654834943	16068.1582	0.519873858	30571.53711	0.041422555
0.654846516	16047.74414	0.519352317	30571.53711	0.041374399
0.654858091	16056.72559	0.520232976	30703.3457	0.041261245
0.654869645	16067.29199	0.520811856	30703.3457	0.041300218
0.654881239	16044.60449	0.520918667	30703.3457	0.041155269
0.654892811	16038.88965	0.520129442	30703.3457	0.041216705
0.654904378	16024.45996	0.521703064	30703.3457	0.041197032
0.654915958	16058.38281	0.520550489	30766.18945	0.041075736
0.654927538	16047.44922	0.521492481	30766.18945	0.041159817
0.65493909	16076.7041	0.521073759	30766.18945	0.041131384
0.654950695	16006.04785	0.521650434	30766.18945	0.041091002
0.654962266	16062.88867	0.521388888	30766.18945	0.041168675
0.654973815	16059.97559	0.52159822	30790.16602	0.041089148
0.654985426	16038.1875	0.52212137	30790.16602	0.041090904
0.654996966	16046.98535	0.521598637	30790.16602	0.041124098
0.655008538	16073.49512	0.522382677	30790.16602	0.04113291
0.65502014	16063.53613	0.522329748	30790.16602	0.041094042
0.655031701	16044.44043	0.522645712	30856.13672	0.040933607
0.655043257	16044.59863	0.522905171	30856.13672	0.041031282
0.655054844	16107.75879	0.52389884	30856.13672	0.041118451
0.65506641	16088.20117	0.522069097	30856.13672	0.041030161
0.655077999	16039.89746	0.523114145	30856.13672	0.041014236
0.655089581	16053.79297	0.52264601	30898.61133	0.040933499
0.655101131	16053.34375	0.522382975	30898.61133	0.040968202
0.655112711	16072.86133	0.523116529	30898.61133	0.04097973
0.655124276	16062.61621	0.523845255	30898.61133	0.040958062
0.655135866	16036.98633	0.52269727	30898.61133	0.040934873
0.655147436	16066.67773	0.522696555	30974.61328	0.040864253
0.655159006	16090.43555	0.522852063	30974.61328	0.040899054
0.655170578	16069.80371	0.523378968	30974.61328	0.040830496
0.655182168	16052.82129	0.523792923	30974.61328	0.040811973
0.655193732	16058.74121	0.523640215	30974.61328	0.040820095
0.65520531	16038.4541	0.524161339	31011.38086	0.040811941
0.65521688	16053.36523	0.523485124	31011.38086	0.040750492
0.655228441	16071.58789	0.524674535	31011.38086	0.040781176
0.655240022	16080.92773	0.525422394	31011.38086	0.040830336
0.655251594	16075.78223	0.525309622	31011.38086	0.040771234
0.655263182	16089.70117	0.526046157	31073.50977	0.040697185
0.655274746	16055.00391	0.526895642	31073.50977	0.040708734
0.655286312	16062.58496	0.526206553	31073.50977	0.040696001
0.655297896	16110.27637	0.534466744	31073.50977	0.040784668
0.655309487	16015.66113	0.524837971	31073.50977	0.040628246
0.655321037	16081.68652	0.526670218	31095.01758	0.040715131
0.65533262	16059.05957	0.526827276	31095.01758	0.040663244
0.655344185	16078.86133	0.529892147	31095.01758	0.040694379
0.655355761	16048.33887	0.528957129	31095.01758	0.040620445
0.655367366	16028.5332	0.526360452	31095.01758	0.040613014
0.655378907	16103.38184	0.527877867	31207.98047	0.040547032
0.65539049	16050.41699	0.52902633	31207.98047	0.040526804
0.655402069	16066.43066	0.529157043	31207.98047	0.040524717
0.655413643	16080.98047	0.530658662	31207.98047	0.040493389
0.655425221	16048.34668	0.529284954	31207.98047	0.040445674
0.655436778	16035.0127	0.529497087	31388.47461	0.040224996
0.65544837	16069.5791	0.530756056	31388.47461	0.040197887
0.655459935	16062.53223	0.53017056	31388.47461	0.040213434
0.655471529	16102.58203	0.532980502	31388.47461	0.040280474
0.65548309	16090.02637	0.543482184	31388.47461	0.040285267
0.655494665	16067.74219	0.53715229	31577.53906	0.040010442
0.655506239	16020.49121	0.531642437	31577.53906	0.039967554
0.655517795	16054.07324	0.537847877	31577.53906	0.03998135
0.655529396	16066.15527	0.538541019	31577.53906	0.040019201
0.655540968	16062.3291	0.538605928	31577.53906	0.040026221
0.655552518	16071.93652	0.548255742	31723.50195	0.039813779
0.655564102	16104.10938	0.540713787	31723.50195	0.039825064
0.655575681	16080.20313	0.542277098	31723.50195	0.039792522
0.655587252	16066.66602	0.545347631	31723.50195	0.039801739
0.655598822	16076.15234	0.549730063	31723.50195	0.039813415
0.655610401	16056.2793	0.54703933	31895.27539	0.039573873
0.655621971	16032.97266	0.550618649	31895.27539	0.039494088
0.655633557	16064.58203	0.543192267	31895.27539	0.039587917
0.655645135	16053.16699	0.546842277	31895.27539	0.039585541
0.655656712	16114.3252	0.551881671	31895.27539	0.039662246
0.655668266	16097.15723	0.559754491	32070.62305	0.039363885
0.655679864	16072.43066	0.557231665	32070.62305	0.03933475
0.655691418	16046.73926	0.556984842	32070.62305	0.039294875
0.655702987	16048.3584	0.555117011	32070.62305	0.039309153
0.655714567	16043.67676	0.574937582	32070.62305	0.039312388
0.655726133	16064.18555	0.574757636	32232.61328	0.039124279
0.655737735	16052.92871	0.582788765	32232.61328	0.039084463
0.655749281	16082.81543	0.570881248	32232.61328	0.039148579
0.655760854	16041.61133	0.572926164	32232.61328	0.03910115
0.655772428	16062.18359	0.571076989	32232.61328	0.039155502
0.655784005	16074.12109	0.57129997	32368.53906	0.038934551
0.655795598	16015.3125	0.572702169	32368.53906	0.038918485
0.655807151	16062.48535	0.575484812	32368.53906	0.038955981
0.655818728	16059.09082	0.582898617	32368.53906	0.03899898
0.655830308	16050.87012	0.586067438	32368.53906	0.038925171
0.655841896	16049.07422	0.587561369	32542.27539	0.03869594
0.655853458	16034.9541	0.589254677	32542.27539	0.038696921
0.655865016	16049.81836	0.577612519	32542.27539	0.03872595
0.655876612	16041.35352	0.580210924	32542.27539	0.038688451
0.655888178	16041.61523	0.605760276	32542.27539	0.03866947
0.65589974	16067.08887	0.609217286	32648.66992	0.038593878
0.655911314	16060.51172	0.621641934	32648.66992	0.038581381
0.655922908	16053.76563	0.611292243	32648.66992	0.03859536
0.655934496	16047.42578	0.612878859	32648.66992	0.03858656
0.655946043	16076.42773	0.612653077	32648.66992	0.038626628
0.655957619	16058.46289	0.61343801	32780.05469	0.038462976
0.655969193	16075.78223	0.592485607	32780.05469	0.038428656
0.655980786	16078.41113	0.61391747	32780.05469	0.038455411
0.655992356	16025.70996	0.609549582	32780.05469	0.038390427
0.65600391	16058.12695	0.625537932	32780.05469	0.038422239
0.656015508	16039.90137	0.617596507	32906.46484	0.038262999
0.656027065	16092.18945	0.621851444	32906.46484	0.03828291
0.656038641	16025.6748	0.628534079	32906.46484	0.038251065
0.656050214	16034.43555	0.624888122	32906.46484	0.038253977
0.656061775	16080.97656	0.623271406	32906.46484	0.038312328
0.656073366	16058.70215	0.624357939	33023.63672	0.038102151
0.656084931	16088.82715	0.626521587	33023.63672	0.03818976
0.656096496	16065.5332	0.627807856	33023.63672	0.038150642
0.656108083	16044.00195	0.627996862	33023.63672	0.038120234
0.656119675	16057.39258	0.630576968	33023.63672	0.038146603
0.656131221	16031.78711	0.631571174	33141.66797	0.03796078
0.656142821	16015.0918	0.634042561	33141.66797	0.037941682
0.656154373	16042.46582	0.634655356	33141.66797	0.03796629
0.656165973	16052.36719	0.63048929	33141.66797	0.03798614
0.656177556	16055.14941	0.638536036	33141.66797	0.037978426
0.65618909	16056.91211	0.64892447	33237.21875	0.037888201
0.656200683	16042.38184	0.609863997	33237.21875	0.037833224
0.656212247	16052.16602	0.63926965	33237.21875	0.037871883
0.656223822	16004.37109	0.638442695	33237.21875	0.037816204
0.656235415	16068.45996	0.640557408	33237.21875	0.037899683
0.656246977	16062.91797	0.64095223	33324.40234	0.037776432
0.656258543	16083.36719	0.6413095	33324.40234	0.037791373
0.656270126	16078.06738	0.6428985	33324.40234	0.037773357
0.656281687	16037.76172	0.642673731	33324.40234	0.037736902
0.656293271	16045.39844	0.641085386	33324.40234	0.037777239
0.656304832	16046.78418	0.641530514	33430.86719	0.03764154
0.656316426	16043.15332	0.642697454	33430.86719	0.037633972
0.656328007	16060.50781	0.642979384	33430.86719	0.037670964
0.656339578	16062.33887	0.643500984	33430.86719	0.037622226
0.656351133	16056.18359	0.642527938	33430.86719	0.037667216
0.656362717	16054.94141	0.643075526	33481.65625	0.037561281
0.656374286	16055.76953	0.644239128	33481.65625	0.03759692
0.656385883	16061.19043	0.64495033	33481.65625	0.037634962
0.656397444	16063.27539	0.645748675	33481.65625	0.037587593
0.656409008	16050.25195	0.647401631	33481.65625	0.037613591
0.656420598	16034.77441	0.648342252	33603.46484	0.037415442
0.656432148	16062.09961	0.64928329	33603.46484	0.037499481
0.656443745	16055.91406	0.649811447	33603.46484	0.037459471
0.656455328	16047.79102	0.650486827	33603.46484	0.03744917
0.656466874	16070.16211	0.651696622	33603.46484	0.037465111
0.656478461	16047.78711	0.652009487	33664.96875	0.037362175
0.656490024	16064.51758	0.652428389	33664.96875	0.037395462
0.656501591	15999.11621	0.654259563	33664.96875	0.037296267
0.656513173	16050.59863	0.654627919	33664.96875	0.037387224
0.656524745	16063.45703	0.653578818	33664.96875	0.037332039
0.656536343	16059.4082	0.655148983	33794.59766	0.037247795
0.656547889	16046.91113	0.655987322	33794.59766	0.037231021
0.656559468	16059.11816	0.6550951	33794.59766	0.037234678
0.65657104	16075.36523	0.658715963	33794.59766	0.037239542
0.656582624	16070.65723	0.657290697	33794.59766	0.037233565
0.6565942	16043.1748	0.660253048	33874.94531	0.037142714
0.656605766	16059.01855	0.661668062	33874.94531	0.037152581
0.65661734	16069.0957	0.662093282	33874.94531	0.037145797
0.656628915	16066.36035	0.663746834	33874.94531	0.037171955
0.656640483	16062.54395	0.661734343	33874.94531	0.037148822
0.656652076	16057.71387	0.661025107	33949.75781	0.037056929
0.65666363	16074.71387	0.661410451	33949.75781	0.037084559
0.656675217	16047.10449	0.659725368	33949.75781	0.037040589
0.656686798	16010.80273	0.660310924	33949.75781	0.036988058
0.656698368	16075.34961	0.658284128	33949.75781	0.037071287
0.656709955	16063.02344	0.66143769	34055.34766	0.036974709
0.656721515	16059.29492	0.661503851	34055.34766	0.036973652
0.656733085	16068.82715	0.662816465	34055.34766	0.036949241
0.656744649	16066.51563	0.662586272	34055.34766	0.036935161
0.656756245	16074.79199	0.665613055	34055.34766	0.036951412
0.656767826	16082.63574	0.666524291	34141.15234	0.03684381
0.656779399	16070.7334	0.668942154	34141.15234	0.036897766
0.656790974	16042.76367	0.67247963	34141.15234	0.0368561
0.656802546	16075.35547	0.674281955	34141.15234	0.036885369
0.656814098	16066.44824	0.676471114	34141.15234	0.0368743
0.656825683	16066.43848	0.676890552	34237.5625	0.036750619
0.656837255	16034.68945	0.677113593	34237.5625	0.036743689
0.656848827	16031.6748	0.678053021	34237.5625	0.036712962
0.65686042	16076.41992	0.677597165	34237.5625	0.036743492
0.656871974	16052.81152	0.678556323	34237.5625	0.036752203
0.656883545	16081.27148	0.675753534	34322.89453	0.03669288
0.656895121	16063.44336	0.685638547	34322.89453	0.036675387
0.656906697	16061.96875	0.687743843	34322.89453	0.036667294
0.656918282	16064.08984	0.694807172	34322.89453	0.0366726
0.65692985	16033.7373	0.696305931	34322.89453	0.036627576
0.656941426	16072.35254	0.696445823	34407.97656	0.036584539
0.656952988	16067.89258	0.69503659	34407.97656	0.036579276
0.656964564	16044.69824	0.696760714	34407.97656	0.036565815
0.656976132	16096.04395	0.696550727	34407.97656	0.036587828
0.656987717	16068.29004	0.697493076	34407.97656	0.036564586
0.656999288	16096.44531	0.694054544	34507.67188	0.036483552
0.657010874	16059.04395	0.70101279	34507.67188	0.036471487
0.657022459	16038.62402	0.696061432	34507.67188	0.036470301
0.657034017	16086.61035	0.700023472	34507.67188	0.036467959
0.657045587	16040.67383	0.703104854	34507.67188	0.036451179
