Day fraction since midnight on 	Accumulator Pressure (Pa)	DO probe (mg/L)	Source Pressure (Pa)	air valve control ()
0.661779397	28253.0293	6.753589153	35844.5	0.018390882
0.661790995	28275.68359	6.760341644	35844.5	0.018688773
0.661802548	28337.8125	6.762203217	35826.92969	0.018482482
0.66181414	28497.94336	6.759373665	35826.92969	0.01874241
0.661825696	28497.75586	6.770085335	35826.92969	0.019062508
0.661837306	28499.76758	6.771554947	35826.92969	0.018650594
0.661848867	28676.23828	6.789551735	35826.92969	0.018895333
0.661860444	28363.33398	6.799433708	35791.69531	0.018592831
0.661871988	28154.59766	6.800181389	35791.69531	0.018362265
0.661883559	27951.67773	6.803992271	35791.69531	0.018095249
0.661895144	28171.69531	6.806880951	35791.69531	0.018623881
0.661906712	28287.55859	6.807554245	35791.69531	0.018683232
0.661918306	28465.98633	6.807971478	35741.93359	0.018726942
0.661929874	28699.22656	6.805978775	35741.93359	0.019221179
0.661941431	28545.66602	6.794425011	35741.93359	0.018929996
0.661953002	28343.81445	6.741012096	35741.93359	0.018607753
0.661964585	28229.18164	6.665779114	35741.93359	0.018531482
0.661976162	28166.64063	6.53842783	35680.15625	0.018699215
0.661987751	28101.72266	6.338466644	35680.15625	0.018447845
0.661999298	28240.51367	6.139301777	35680.15625	0.018611111
0.66201088	28224.95117	5.843413353	35680.15625	0.018775959
0.662022462	28334.09375	5.573900223	35680.15625	0.018762525
0.662034037	28336.41602	5.259217739	35678.00391	0.018797681
0.662045597	28325.71094	4.976446152	35678.00391	0.018714667
0.662057186	28294.77344	4.684051991	35678.00391	0.018701851
0.662068756	28341.08594	4.434342861	35678.00391	0.018761707
0.66208033	28302.15625	4.158663273	35678.00391	0.018716762
0.662091923	28305.94336	3.894779205	35616.41797	0.018843323
0.662103481	28291.13672	3.655712843	35616.41797	0.018821551
0.662115048	28307.77734	3.440175772	35616.41797	0.01884434
0.662126626	28331.17188	3.191241264	35616.41797	0.018874222
0.662138187	28343.63672	2.996696472	35616.41797	0.018865166
0.662149778	28283.02344	2.785524368	35629.27734	0.018776497
0.662161337	28321.62305	2.596320152	35629.27734	0.018805926
0.662172917	28314.79883	2.441206694	35629.27734	0.018793631
0.662184487	28306.4082	2.281868935	35629.27734	0.018824732
0.662196061	28317.16211	2.106867075	35629.27734	0.018824926
0.66220764	28288.26758	1.990509033	35598.83594	0.018794606
0.662219216	28338.85742	1.840808272	35598.83594	0.018906288
0.662230805	28335.77539	1.697878599	35598.83594	0.018898727
0.66224237	28289.35156	1.579079509	35598.83594	0.018828756
0.662253935	28303.23633	1.474910975	35598.83594	0.018826031
0.662265502	28330.96094	1.4006387	35592.39453	0.018870811
0.662277088	28299.82031	1.303227663	35592.39453	0.018874025
0.662288657	28291.59766	1.200775266	35592.39453	0.018836759
0.662300226	28288.02148	1.087202787	35592.39453	0.018835099
0.662311811	28341.12109	1.033033013	35592.39453	0.018863065
0.662323395	28312.27734	0.946126282	35610.86328	0.018850624
0.662334961	28296.49805	0.909191251	35610.86328	0.018801085
0.66234655	28293.50586	0.839160383	35610.86328	0.018818988
0.662358098	28280.50781	0.767948985	35610.86328	0.018815226
0.662369685	28279.39453	0.690530539	35610.86328	0.018778662
0.662381265	28280.39258	0.647191942	35621.37109	0.018779012
0.662392833	28259.8125	0.594155252	35621.37109	0.018788283
0.662404408	28321.42969	0.533166885	35621.37109	0.018858264
0.662415993	28267.03906	0.511475921	35621.37109	0.018716603
0.662427556	28279.37891	0.512632608	35621.37109	0.018745752
0.662439125	28228.98828	0.471870452	35622.22656	0.0186911
0.662450701	28203.78125	0.414939374	35622.22656	0.018701366
0.66246227	28190.44336	0.391953588	35622.22656	0.018648529
0.662473864	28210.63086	0.373378426	35622.22656	0.01869649
0.662485421	28185.78516	0.333788186	35622.22656	0.018632848
0.662497001	28190.49023	0.293836325	35602.90625	0.018673611
0.662508563	28189.33398	0.268027335	35602.90625	0.018730137
0.66252014	28206.55859	0.257660002	35602.90625	0.01866176
0.662531708	28244.07227	0.247310668	35602.90625	0.018742607
0.662543288	28218.41016	0.22507745	35602.90625	0.018696044
0.66255486	28184.68164	0.1917454	35665.76953	0.018605107
0.66256644	28154.94336	0.159478262	35665.76953	0.018605251
0.662578032	27918.89648	0.137340784	35665.76953	0.01824476
0.662589587	28227.35938	0.120044857	35665.76953	0.018582864
0.662601156	28269.02148	0.10390459	35665.76953	0.018907647
0.662612755	28296.74805	0.084233493	35670.03906	0.018745478
0.662624319	28509.30078	0.059173055	35670.03906	0.018917068
0.66263588	28370.06055	0.036899801	35670.03906	0.018835619
0.66264745	28191.13281	0.020750979	35670.03906	0.018616842
0.662659025	28033.47461	0.008425484	35670.03906	0.018352331
0.662670598	28247.6543	0.003671547	35678.19531	0.018658321
0.6626822	28290.48438	0.000877452	35678.19531	0.01892432
aerate on				
0.66269377	28332.89453	5.41362E-05	35678.19531	0.018674401
0.662705344	28125.51367	-0.001414339	35678.19531	0.018438987
0.662716909	28142.64453	-0.001467015	35678.19531	0.018806271
0.662728479	28229.12305	-0.002931518	35717.67578	0.018538357
0.662740069	28503.49414	-0.004345426	35717.67578	0.018846064
0.662751616	28245.79688	-0.005918488	35717.67578	0.018610966
0.66276322	28078.81445	-0.008058497	35717.67578	0.018355268
0.662774767	27945.13086	-0.007320095	35717.67578	0.018190287
0.66278635	28110.99023	-0.01078948	35796.42578	0.018468379
0.662797936	28003.94336	-0.014108089	35796.42578	0.018131226
0.662809482	27772.61133	-0.016986093	35796.42578	0.017948125
0.662821073	27470.64648	-0.023184979	35796.42578	0.017576886
0.662832651	27479.22656	-0.038047411	35796.42578	0.017735484
0.662844234	27734.41406	-0.043783791	35814.6875	0.017871524
0.662855802	27926.64063	-0.063664377	35814.6875	0.018272466
0.66286737	27965.07617	-0.036870845	35814.6875	0.018239128
0.662878958	28196.79492	-0.021875944	35814.6875	0.018316423
0.662890508	28092.83789	-0.022898046	35814.6875	0.018258625
0.662902092	27855.49805	-0.019633144	35880.96875	0.017912215
0.662913676	27634.24414	-0.017033575	35880.96875	0.017668552
0.662925243	27901.48047	-0.015429114	35880.96875	0.018113581
0.66293681	27921.46289	-0.014811765	35880.96875	0.018154947
0.662948372	28170.56836	-0.012735585	35880.96875	0.01818178
0.66295995	27958.52344	-0.015309186	35863.36328	0.018035961
0.662971528	27687.1543	-0.015350303	35863.36328	0.017746552
0.662983114	27477.26367	-0.013325554	35863.36328	0.017520036
0.662994686	27738.70117	-0.013632733	35863.36328	0.018038562
0.663006251	27827.48047	-0.009575675	35863.36328	0.018002016
0.663017835	27994.60156	-0.00648936	35891.04688	0.0180603
0.663029415	28127.64844	-0.004829613	35891.04688	0.018356836
0.663040983	28062.54883	-0.003558249	35891.04688	0.018202631
0.663052544	27948.07031	-0.002879033	35891.04688	0.017949278
0.663064152	27855.39063	-0.001990643	35891.04688	0.017919607
0.663075709	27784.45508	-0.001885386	35922.19531	0.017879674
0.663087274	28045.4043	-0.002303997	35922.19531	0.018010892
0.663098851	28139.02344	-0.002095302	35922.19531	0.018345556
0.663110439	28131.32422	-0.002199841	35922.19531	0.018275307
0.663122014	28196.98242	-0.001622699	35922.19531	0.018221121
0.663133568	28234.5	-0.001781925	35943.58203	0.018340579
0.663145153	28159.82422	-0.001571243	35943.58203	0.018276462
0.663156705	28216.6875	-0.001102398	35943.58203	0.018190155
0.663168279	28334.63867	-0.000889514	35943.58203	0.018533909
0.663179874	28175.69727	0.000151759	35943.58203	0.018238258
0.663191454	28108.50586	0.002834613	35991.88672	0.018016825
0.663203012	27919.13672	0.005319472	35991.88672	0.017872847
0.663214601	27861.97656	0.007720085	35991.88672	0.017964237
0.663226177	28038.58398	0.01317023	35991.88672	0.017969204
0.663237765	28293.40039	0.024054581	35991.88672	0.018407849
0.663249328	28150.0918	0.04192375	36012.07031	0.018070331
0.663260904	27976.13281	0.057488851	36012.07031	0.017883051
0.663272479	27946.0625	0.073510565	36012.07031	0.017915785
0.663284035	27839.9043	0.091379389	36012.07031	0.017850681
0.663295608	27842.87891	0.106426448	36012.07031	0.017756825
0.66330718	28056.5625	0.126353964	36078.14844	0.018029875
0.663318767	28095.24414	0.146016851	36078.14844	0.018126263
0.663330322	28241.67383	0.208533913	36078.14844	0.018070917
0.663341901	28448.26953	0.249703094	36078.14844	0.018471869
0.663353491	28307.66406	0.260747463	36078.14844	0.01816325
0.663365056	28089.05078	0.274969786	36100.6875	0.017901567
0.663376625	27909.50977	0.297119707	36100.6875	0.017746052
0.6633882	27855.25	0.32818073	36100.6875	0.01777701
0.663399786	28038.17773	0.349229336	36100.6875	0.017833072
0.663411344	28318.64648	0.36297968	36100.6875	0.018328739
0.663422913	28177.10547	0.377933264	36144.86328	0.017962584
0.663434508	28036.08594	0.383734226	36144.86328	0.017797437
0.663446073	27786.48828	0.388975054	36144.86328	0.017541359
0.663457659	27574.90039	0.39416194	36144.86328	0.01736067
0.663469211	27455.4375	0.403521359	36144.86328	0.01717392
0.663480792	27280.68164	0.417189777	36188.65234	0.017034725
0.663492369	27163.76367	0.433056295	36188.65234	0.016887542
0.66350393	27619.96484	0.453292668	36188.65234	0.017318051
0.663515521	27723.49609	0.476636589	36188.65234	0.017790099
0.663527086	27770.88672	0.496305466	36188.65234	0.017445749
0.66353867	27646.1582	0.510453522	36234.54688	0.017310039
0.663550236	27490.125	0.518197179	36234.54688	0.017257812
0.663561831	27349.53516	0.521807134	36234.54688	0.017039888
0.663573404	27775.77344	0.524112523	36234.54688	0.017530651
0.663584981	27794.74023	0.527682483	36234.54688	0.017651083
0.663596537	27958.42969	0.538984001	36245.93359	0.017604498
0.663608104	27887.86719	0.557821453	36245.93359	0.017596965
0.663619698	27821.41992	0.58766681	36245.93359	0.017574765
0.663631248	27911.78906	0.617629349	36245.93359	0.017536922
0.66364282	27919.68164	0.639647067	36245.93359	0.017675277
0.663654397	27846.89063	0.650077581	36252.17578	0.017576947
0.663665989	28130.77539	0.659087658	36252.17578	0.017750639
0.66367754	27936.59375	0.674786508	36252.17578	0.017600405
0.663689133	27788.2207	0.691547692	36252.17578	0.017465077
0.663700689	28127.80859	0.73922199	36252.17578	0.01778291
0.663712276	27852.64648	0.767944455	36296.97656	0.017446547
0.663723846	27606.0918	0.787400425	36296.97656	0.017177369
0.663735427	27520.76367	0.825606585	36296.97656	0.017150714
0.663746999	27579.55664	0.840755105	36296.97656	0.017473461
0.663758561	27670.36719	0.888931394	36296.97656	0.017236234
0.663770147	28029.63281	0.911227703	36297.23047	0.017735224
0.663781711	27903.91797	0.918549776	36297.23047	0.017541798
0.663793296	27698.69922	0.935033202	36297.23047	0.017279332
0.663804875	27644.43359	0.974924803	36297.23047	0.017291376
0.66381645	27522.25781	1.014074326	36297.23047	0.017226107
0.663828028	27835.14648	1.036338091	36331.30078	0.017389843
0.663839602	27962.4082	1.045336723	36331.30078	0.017781129
0.663851171	27964.25195	1.053130388	36331.30078	0.017516165
0.663862748	27781.97266	1.066154718	36331.30078	0.017336509
0.663874302	27624.69141	1.08796823	36331.30078	0.017273
0.6638859	27450.18945	1.113996148	36335.39063	0.016995145
0.663897455	27889.83398	1.137509108	36335.39063	0.01741299
0.663909038	27903.34375	1.161698341	36335.39063	0.017725538
0.663920605	28008.27344	1.182490706	36335.39063	0.017495834
0.663932168	27822.65234	1.207040548	36335.39063	0.017364536
0.663943756	27551.41797	1.253610373	36359.18359	0.017094846
0.66395535	27330.20117	1.281251311	36359.18359	0.016887904
0.663966902	27629.06445	1.305946231	36359.18359	0.01736172
0.663978467	27693.92969	1.32141614	36359.18359	0.017319165
0.663990044	28016.76953	1.348556399	36359.18359	0.017533282
0.664001615	27843.43164	1.395349026	36403.81641	0.017354019
0.664013199	27657.85938	1.423935294	36403.81641	0.017160829
0.664024765	27506.15625	1.435109139	36403.81641	0.016981612
0.664036338	27595.68555	1.438298106	36403.81641	0.017434725
0.664047911	27699.43164	1.443468213	36403.81641	0.017162225
0.664059499	28025.36133	1.453002691	36411.55859	0.017495149
0.664071088	28031.89063	1.470413804	36411.55859	0.017747727
0.664082646	28132.79102	1.500722766	36411.55859	0.017548428
0.664094235	27876.71484	1.534733772	36411.55859	0.017334392
0.664105795	27669.25195	1.557309985	36411.55859	0.017190868
0.66411736	27523.48242	1.566814899	36427.66797	0.017009688
0.664128943	27842.11914	1.57410419	36427.66797	0.017475139
0.664140508	27897.31445	1.58861351	36427.66797	0.017485406
0.664152085	28171.42383	1.633499503	36427.66797	0.01757865
0.664163665	28110.11523	1.660511851	36427.66797	0.017672764
0.664175226	28025.375	1.692403078	36463.45313	0.017457591
0.664186819	28033.93945	1.70547986	36463.45313	0.017419524
0.664198402	28086.10938	1.721681833	36463.45313	0.017774208
0.664209953	28077.05664	1.747237444	36463.45313	0.017461037
0.664221535	27918.81445	1.776893973	36463.45313	0.017335857
0.66423314	27692.01172	1.80592978	36458.52344	0.017139244
0.664244672	27459.5918	1.823245168	36458.52344	0.016891365
0.66425625	27908.08594	1.83877933	36458.52344	0.017373005
0.664267817	27902.69531	1.8637321	36458.52344	0.017536724
0.664279403	28094.05859	1.900645495	36458.52344	0.017475448
0.664290984	27914.81836	1.934328914	36519.89453	0.017263436
0.664302544	27693.23438	1.954211593	36519.89453	0.017086741
0.664314124	27512.81836	1.966349244	36519.89453	0.016890901
0.664325686	27782.49414	1.980580449	36519.89453	0.017349624
0.664337278	27836.84766	2.005784273	36519.89453	0.017239005
0.664348841	28149.75391	2.041246891	36522.88281	0.017472225
0.664360412	27986.12305	2.071766377	36522.88281	0.017381628
0.664371993	27780.20508	2.086850405	36522.88281	0.017154478
0.664383568	27611.01367	2.092921257	36522.88281	0.016986696
0.664395152	27732.58203	2.094963312	36522.88281	0.017471223
0.664406716	27799.82813	2.101181746	36565.34766	0.017113991
0.664418297	28092.26172	2.117067814	36565.34766	0.017413613
0.66442988	27959.48047	2.146862268	36565.34766	0.017467474
0.66444144	27926.44531	2.182520628	36565.34766	0.017192202
0.664453033	28003.12695	2.210768938	36565.34766	0.017347757
0.66446458	27878.99805	2.234188557	36562.78906	0.017269886
0.664476176	27825.78711	2.262003422	36562.78906	0.017167796
0.664487723	27862.01172	2.301192522	36562.78906	0.017256349
0.664499312	27816.78906	2.335007668	36562.78906	0.017202424
0.664510894	28042.04492	2.347770453	36562.78906	0.01732387
0.664522448	28291.92969	2.357659102	36599.44531	0.01790155
0.66453403	28258.00195	2.367604971	36599.44531	0.017512618
0.664545611	28034.79297	2.387667656	36599.44531	0.01731067
0.664557183	27802.66992	2.416786909	36599.44531	0.017169938
0.664568764	27625.44336	2.444242716	36599.44531	0.016906499
0.664580343	28258.69922	2.467356205	36644.52344	0.017497064
0.664591904	28285.04297	2.480736971	36644.52344	0.017756573
0.664603472	28403.27344	2.486171484	36644.52344	0.017621919
0.664615047	28238.33984	2.491247416	36644.52344	0.01745843
0.664626634	28000.11133	2.504859209	36644.52344	0.017211313
0.664638187	27755.59375	2.525943756	36664.89453	0.016992001
0.664649786	28121.05664	2.552597284	36664.89453	0.017500681
0.664661376	28215.38867	2.582192183	36664.89453	0.017525736
0.664672922	28448.28125	2.600730181	36664.89453	0.017604682
0.664684483	28271.50977	2.612678289	36664.89453	0.017520103
0.664696063	28065.47852	2.616828203	36664.26953	0.017280956
0.664707653	27945.19141	2.621754646	36664.26953	0.017147382
0.664719207	27828.95313	2.634382248	36664.26953	0.017079472
0.664730785	27623.85547	2.664598465	36664.26953	0.016869807
0.664742366	28120.40039	2.69336915	36664.26953	0.017272692
0.664753948	28164.47656	2.722048044	36701.99219	0.017628961
0.664765523	28226.09766	2.738533497	36701.99219	0.017381919
0.664777079	28609.44922	2.74932456	36701.99219	0.01782432
0.664788678	28390.625	2.75732398	36701.99219	0.017574942
0.664800224	28189.3418	2.773689508	36701.99219	0.017367699
0.664811822	28329.81445	2.798482657	36710.11328	0.017584567
0.664823385	28289.92188	2.824774981	36710.11328	0.017551799
0.664834971	28325.05469	2.851039171	36710.11328	0.017473982
0.664846527	28411.39258	2.869826555	36710.11328	0.017652138
0.664858096	28282.53711	2.884073257	36710.11328	0.017483507
0.664869698	28284.39258	2.900756598	36717.00391	0.017426341
0.664881258	28191.21094	2.924053669	36717.00391	0.017397289
0.664892835	28023.23242	2.951710463	36717.00391	0.017182636
