Day fraction since midnight on 	Accumulator Pressure (Pa)	DO probe (mg/L)	Source Pressure (Pa)	air valve control ()
0.63550626	22805.07031	8.16588974	26278.22266	0.028151083
0.635517818	22781.38867	8.004497528	26219.89453	0.028255069
0.635529391	22801.01758	7.673749924	26219.89453	0.028205375
0.635540973	22804.4082	7.116900444	26219.89453	0.0283799
0.635552539	22787.72656	6.518381596	26219.89453	0.028245011
0.635564119	22808.40039	5.862846375	26219.89453	0.02826817
0.635575703	22795.91992	5.248312473	26129.23242	0.028670031
0.635587264	22799.83203	4.668128014	26129.23242	0.028753732
0.635598868	22791.18359	4.164219856	26129.23242	0.028739125
0.635610433	22794.46289	3.692551613	26129.23242	0.028747327
0.635621996	22756.57031	3.284415722	26129.23242	0.02851344
0.63563357	22771.26563	2.918235064	26089.5625	0.028809192
0.635645131	22793.12695	2.587001085	26089.5625	0.028903884
0.635656702	22785.16992	2.331551313	26089.5625	0.028796659
0.635668288	22801.20508	2.077621698	26089.5625	0.028901094
0.63567986	22774.38867	1.862054944	26089.5625	0.028656752
0.635691443	22745.61914	1.644257665	26020.11523	0.029029026
0.635702998	22772.0918	1.485971808	26020.11523	0.029099924
0.63571459	22806.60938	1.351626277	26020.11523	0.029258017
0.635726156	22774.49219	1.212761521	26020.11523	0.029050358
0.635737752	22771.91602	1.06124723	26020.11523	0.029067217
0.635749308	22783.9375	0.964095533	25970.625	0.029295836
0.635760886	22794.83008	0.898322165	25970.625	0.029408435
0.635772442	22787.01563	0.7973575	25970.625	0.029369465
0.635784039	22748.45313	0.701855004	25970.625	0.029064385
0.6357956	22778.58594	0.640894473	25970.625	0.029210793
0.635807171	22790.74805	0.564216495	25972.32031	0.029337069
0.635818753	22760.62305	0.523695231	25972.32031	0.029125054
0.635830315	22773.07813	0.511830509	25972.32031	0.029272906
0.6358419	22746.33398	0.461539894	25972.32031	0.029151725
0.635853483	22714.66016	0.406882554	25972.32031	0.028976887
0.635865053	22672.72461	0.385991454	25976.62695	0.028795127
0.635876632	22680.86133	0.366536498	25976.62695	0.028849978
0.635888203	22679.96875	0.325825721	25976.62695	0.028846253
0.635899784	22688.99414	0.280135095	25976.62695	0.028787815
0.63591134	22702.67969	0.267657697	25976.62695	0.029022069
0.635922936	22671.44336	0.256038845	26103.29297	0.028294022
0.635934479	22713.78516	0.204716936	26103.29297	0.028487146
0.635946057	22693.68164	0.208096728	26103.29297	0.028437747
0.635957631	22741.67383	0.1663789	26103.29297	0.028562026
0.635969232	22679.9707	0.167051449	26103.29297	0.028307953
0.635980783	22679.13867	0.135671437	26304.79492	0.027479958
0.635992356	22664.57813	0.126615524	26304.79492	0.027495952
0.636003952	22588.62109	0.108453676	26304.79492	0.027074761
0.636015531	22585.79883	0.092314772	26304.79492	0.027080853
0.636027086	22540.32813	0.074694142	26304.79492	0.027014052
0.636038667	22563.12305	0.052729052	26466.0625	0.026457585
0.636050237	22582.44141	0.042796366	26466.0625	0.026645196
0.6360618	22584.8457	0.029465117	26466.0625	0.026528895
aerate				
0.636073368	22550.66211	0.019931587	26466.0625	0.026458644
0.636084974	22574.80859	0.008039206	26466.0625	0.026506257
0.636096528	22586.42578	0.002710545	26582.89844	0.026249497
0.636108108	22602.76953	0.003416063	26582.89844	0.026202024
0.636119677	22649.24219	-0.000632666	26582.89844	0.026340235
0.636131236	22659.42383	-0.000943316	26582.89844	0.026376476
0.636142841	22706.42188	-0.002147476	26582.89844	0.026564395
0.636154398	22697.08594	-0.00235696	26679.63867	0.02631806
0.63616597	22763.30273	-0.002983931	26679.63867	0.026533816
0.636177542	22748.36719	-0.003872536	26679.63867	0.026331641
0.636189131	22778.74023	-0.004930275	26679.63867	0.02641704
0.636200698	22817.00391	-0.006324175	26679.63867	0.026715489
0.636212287	22812.1875	-0.006962274	26742.4707	0.026401076
0.636223853	22803.04688	-0.009908343	26742.4707	0.02640889
0.636235409	22784.43359	-0.012932314	26742.4707	0.026296553
0.636246982	22803.89258	-0.016051034	26742.4707	0.026430009
0.636258578	22783.77148	-0.016258819	26742.4707	0.026330207
0.636270139	22776.66211	-0.024536302	26908.94531	0.025681281
0.636281718	22861.48242	-0.025963062	26908.94531	0.025938169
0.636293288	22848.93164	-0.026315451	26908.94531	0.025911653
0.636304859	22920.80273	-0.040019792	26908.94531	0.026265989
0.636316433	22940.97852	-0.036790788	26908.94531	0.026341311
0.636328008	22997.42578	-0.042595811	26990.19922	0.026186979
0.636339577	23004.41992	-0.047640625	26990.19922	0.026180497
0.636351154	23025.5332	-0.051691607	26990.19922	0.026275139
0.636362746	23029.27344	-0.050248023	26990.19922	0.026289236
0.636374318	23033.36719	-0.051554613	26990.19922	0.026333153
0.636385877	23088.35352	-0.064739563	27138.2207	0.025880107
0.63639745	23127.17773	-0.074618995	27138.2207	0.026085556
0.636409016	23155.625	-0.068108477	27138.2207	0.026217855
0.63642061	23148.89063	-0.078667775	27138.2207	0.026223871
0.636432168	23195.98633	-0.077599548	27138.2207	0.026378275
0.636443764	23258.5293	-0.083671831	27213.7207	0.026284322
0.63645533	23263.73242	-0.087254562	27213.7207	0.026290504
0.636466888	23290.78516	-0.090167441	27213.7207	0.026395313
0.636478476	23269.39844	-0.096977957	27213.7207	0.026402977
0.63649003	23322.25586	-0.094897203	27213.7207	0.026535769
0.636501612	23331.34766	-0.09723559	27335.98633	0.026130924
0.636513179	23369.28125	-0.100972429	27335.98633	0.026216926
0.636524774	23367.94727	-0.100291707	27335.98633	0.026229165
0.636536351	23355.31641	-0.100999162	27335.98633	0.026234498
0.636547915	23389.02148	-0.10195265	27335.98633	0.026193089
0.636559483	23400.53711	-0.114506126	27463.20117	0.025840279
0.636571053	23440.44336	-0.109232962	27463.20117	0.026003828
0.636582629	23408.12109	-0.112800024	27463.20117	0.025901682
0.63659423	23447.51367	-0.113271475	27463.20117	0.025992602
0.636605774	23437.08008	-0.113549098	27463.20117	0.026130677
0.63661736	23443.07227	-0.114962578	27516.62109	0.025902042
0.636628937	23471.17383	-0.11668364	27516.62109	0.025971429
0.636640515	23503.73438	-0.116631225	27516.62109	0.026121701
0.636652074	23535.81055	-0.117835961	27516.62109	0.026021321
0.636663644	23522.2793	-0.118475735	27516.62109	0.025947698
0.636675236	23529.66602	-0.1196068	27588.05273	0.025929904
0.636686803	23533.78125	-0.121244319	27588.05273	0.025849577
0.636698385	23589.80469	-0.121820092	27588.05273	0.026056702
0.636709943	23597.87695	-0.123072647	27588.05273	0.026103643
0.636721512	23600.81445	-0.121235125	27588.05273	0.026088687
0.636733096	23623.80664	-0.124085896	27671.93359	0.025834795
0.636744672	23653.13867	-0.12370503	27671.93359	0.025925588
0.636756252	23651.61523	-0.12425974	27671.93359	0.025918392
0.636767813	23655.54102	-0.124827288	27671.93359	0.026065181
0.636779403	23698.44336	-0.12642175	27671.93359	0.026161504
0.636790966	23684.05469	-0.127067462	27711.62109	0.025953659
0.636802548	23748.11914	-0.126479566	27711.62109	0.02617296
0.636814111	23750.70117	-0.126429886	27711.62109	0.026330726
0.63682569	23825.66211	-0.127467468	27711.62109	0.026447816
0.636837283	23808.88281	-0.128102318	27711.62109	0.026522476
0.636848832	23812.66797	-0.127687797	27904.00195	0.025803003
0.636860429	23874.5918	-0.127428561	27904.00195	0.025870136
0.636871971	23916.53125	-0.128891006	27904.00195	0.026038678
0.636883558	23935.08984	-0.129149377	27904.00195	0.02628248
0.636895152	23967.75586	-0.127846956	27904.00195	0.026308121
0.636906696	24017.84961	-0.129518718	28024.07617	0.025960053
0.636918291	24049.34766	-0.129206345	28024.07617	0.026162921
0.636929868	24066.58789	-0.129977122	28024.07617	0.026288283
0.636941419	24115.45898	-0.13134867	28024.07617	0.026336606
0.636953009	24127.38477	-0.129630148	28024.07617	0.026444302
0.636964593	24130.43945	-0.128622562	28166.02734	0.025913151
0.636976142	24181.34375	-0.130401641	28166.02734	0.026205642
0.636987725	24265.80273	-0.129782647	28166.02734	0.026456391
0.636999312	24320.36719	-0.129875749	28166.02734	0.026529501
0.637010887	24370.81445	-0.130090565	28166.02734	0.026802997
0.637022435	24388.19531	-0.132031947	28302.81055	0.026389462
0.637034009	24383.80664	-0.131292194	28302.81055	0.026285828
0.637045596	24483.04688	-0.132291481	28302.81055	0.026633481
0.637057159	24524.61914	-0.131403133	28302.81055	0.026895676
0.637068746	24569.0293	-0.132342696	28302.81055	0.026860706
0.637080326	24534.40234	-0.132342935	28442.56836	0.026314221
0.637091879	24619.95703	-0.131714895	28442.56836	0.026723671
0.637103459	24632.35742	-0.132028744	28442.56836	0.026581108
0.637115042	24681.11523	-0.1314006	28442.56836	0.026707461
0.637126617	24685.03711	-0.131658405	28442.56836	0.026839476
0.637138176	24706.63477	-0.131926656	28595.55664	0.026377153
0.637149777	24671.42578	-0.132446468	28595.55664	0.02623799
0.637161321	24657.35742	-0.132814705	28595.55664	0.026242553
0.637172917	24701.32227	-0.134174421	28595.55664	0.026292686
0.637184472	24639.6875	-0.132971466	28595.55664	0.026130781
0.637196055	24673.6582	-0.133547574	28737.85352	0.025732548
0.63720763	24700.81445	-0.134123117	28737.85352	0.025948537
0.637219208	24799.1875	-0.135117859	28737.85352	0.026139979
0.637230784	24862.97266	-0.133704528	28737.85352	0.026343992
0.637242351	24989.00977	-0.135534912	28737.85352	0.026885134
0.637253945	25050.99609	-0.134122163	28905.78711	0.026397629
0.637265509	25036.11133	-0.135064349	28905.78711	0.026367782
0.637277069	25040.22852	-0.135433927	28905.78711	0.026360454
0.637288644	25033.80664	-0.134853974	28905.78711	0.026411959
0.637300233	25043.30859	-0.134959146	28905.78711	0.026359321
0.637311808	25041.80859	-0.135651812	29043.53516	0.025880206
0.637323378	25175.99219	-0.134851158	29043.53516	0.026318867
0.637334963	25212.69727	-0.135960162	29043.53516	0.026464433
0.637346516	25303.75781	-0.135948435	29043.53516	0.026678731
0.637358106	25265.94727	-0.136646032	29043.53516	0.026651238
0.637369672	25262.36719	-0.134904236	29191.41016	0.026149206
0.637381251	25255.07031	-0.136802316	29191.41016	0.02621118
0.637392809	25272.07617	-0.137197197	29191.41016	0.026129809
0.637404377	25251.86328	-0.136898041	29191.41016	0.026077101
0.637415974	25301.60156	-0.137149915	29191.41016	0.026297217
0.637427543	25316.4043	-0.137376219	29343.85352	0.025788783
0.63743911	25390.82617	-0.137511864	29343.85352	0.026117093
0.637450706	25470.18164	-0.138776287	29343.85352	0.026324057
0.637462275	25502.13867	-0.137060359	29343.85352	0.026456697
0.637473835	25544.96484	-0.137306765	29343.85352	0.026555493
0.63748542	25565.58594	-0.136955053	29444.14453	0.02629255
0.637496986	25578.59375	-0.137575239	29444.14453	0.026325026
0.637508559	25584.11133	-0.139398739	29444.14453	0.026352232
0.637520135	25729.68555	-0.138999537	29444.14453	0.026859041
0.637531692	25708.79297	-0.138799369	29444.14453	0.0268339
0.637543271	25706.00195	-0.138088465	29499.2168	0.026558539
0.637554866	25728.46875	-0.138997197	29499.2168	0.026702633
0.637566414	25720.55469	-0.137877613	29499.2168	0.026617468
0.637578013	25712.29102	-0.139361545	29499.2168	0.026557145
0.637589575	25693.05469	-0.139411286	29499.2168	0.026456569
0.637601141	25677.83594	-0.138621405	29558.54102	0.026212726
0.637612723	25707.37891	-0.140048042	29558.54102	0.026341301
0.637624321	25692.45117	-0.139508396	29558.54102	0.026325759
0.637635871	25714.3125	-0.139244333	29558.54102	0.026387895
0.637647451	25667.22852	-0.139456272	29558.54102	0.026222935
0.637659004	25694.4707	-0.140485436	29660.91211	0.026017602
0.637670589	25723.69336	-0.139647111	29660.91211	0.026205023
0.637682152	25734.19727	-0.141188487	29660.91211	0.026070474
0.637693725	25742.77344	-0.139618248	29660.91211	0.026170234
0.637705325	25739.11133	-0.140603527	29660.91211	0.026056409
0.637716882	25767.14844	-0.140612721	29654.54688	0.026351414
0.637728455	25759.13477	-0.140868083	29654.54688	0.026212625
0.637740027	25788.54688	-0.139516249	29654.54688	0.026254667
0.637751609	25762.52344	-0.142123893	29654.54688	0.02633276
0.63776318	25782.60938	-0.139877215	29654.54688	0.026362114
0.637774749	25789.2793	-0.141198024	29628.99023	0.026400396
0.637786344	25769.43945	-0.140316278	29628.99023	0.026289488
0.63779791	25758.63867	-0.142462775	29628.99023	0.026358542
0.637809503	25770.87109	-0.140782297	29628.99023	0.026390471
0.637821053	25742.8418	-0.143823847	29628.99023	0.026163825
0.63783264	25748.0625	-0.145242676	29629.875	0.026249048
0.637844207	25756.70313	-0.139974043	29629.875	0.026324522
0.637855778	25756.27344	-0.142511979	29629.875	0.026247214
0.63786734	25783.37305	-0.140481606	29629.875	0.026360304
0.637878917	25744.93164	-0.141736314	29629.875	0.026223702
0.637890496	25763.50586	-0.142795727	29609.6875	0.026335736
0.637902084	25773.25391	-0.142418638	29609.6875	0.026332136
0.637913654	25772.125	-0.145189792	29609.6875	0.026327835
0.637925232	25776.63867	-0.146308035	29609.6875	0.026431388
0.637936801	25741.72852	-0.143161133	29609.6875	0.026295476
0.637948367	25776.19727	-0.138098329	29611.63086	0.026414424
0.637959944	25763.58789	-0.143818677	29611.63086	0.026376963
0.637971509	25757.07422	-0.143113658	29611.63086	0.026331274
0.637983088	25732.9375	-0.143993422	29611.63086	0.02626104
0.637994683	25759.35352	-0.143467292	29611.63086	0.026334473
0.638006238	25735.04102	-0.144276604	29572.19336	0.026380257
0.638017805	25719.23438	-0.145009816	29572.19336	0.026403462
0.638029391	25672.08594	-0.144228831	29572.19336	0.026267473
0.63804097	25674.20703	-0.143652812	29572.19336	0.026139781
0.638052544	25624.15039	-0.144333556	29572.19336	0.026101266
0.638064134	25646.71094	-0.145261154	29517.83203	0.02622906
0.63807567	25633.67188	-0.144748181	29517.83203	0.026261927
0.638087258	25623.91797	-0.143592164	29517.83203	0.026062233
0.638098822	25593.52539	-0.145810172	29517.83203	0.026167308
0.638110419	25580.70898	-0.145460904	29517.83203	0.026064605
0.638121984	25596.15625	-0.144952327	29433.38867	0.026384148
0.638133562	25545.26758	-0.145542935	29433.38867	0.026253746
0.638145121	25543.16406	-0.145348132	29433.38867	0.026271824
0.638156706	25533.42578	-0.145821661	29433.38867	0.026153017
0.638168266	25482.83398	-0.145475492	29433.38867	0.026107852
0.638179839	25497.42773	-0.145095065	29355.43359	0.026434869
0.638191412	25451.26758	-0.14796941	29355.43359	0.026205605
0.638202988	25452.97461	-0.14708437	29355.43359	0.026210353
0.638214564	25468.60352	-0.147818297	29355.43359	0.026262488
0.638226154	25438.35938	-0.146417543	29355.43359	0.026166624
0.638237705	25374.74805	-0.146155715	29253.92383	0.026309824
0.638249291	25388.16992	-0.146653622	29253.92383	0.026336475
0.638260883	25335.32813	-0.14687705	29253.92383	0.026068221
0.638272428	25347.73828	-0.146813974	29253.92383	0.026155259
0.638284029	25351.76172	-0.145290926	29253.92383	0.026176281
0.638295595	25326.66992	-0.148612246	29191.37109	0.026358335
0.638307173	25265.37891	-0.147521853	29191.37109	0.026149922
0.638318726	25287.10938	-0.14697063	29191.37109	0.026260729
0.638330316	25294.81836	-0.149838224	29191.37109	0.026197978
0.638341874	25267.71094	-0.148166508	29191.37109	0.026029073
0.638353457	25252.95898	-0.148097679	29127.81836	0.026291833
0.638365024	25230.46875	-0.147842035	29127.81836	0.0262197
0.638376608	25201.61133	-0.148759231	29127.81836	0.026074759
0.638388177	25202.9082	-0.148830459	29127.81836	0.026092367
0.638399753	25207.7168	-0.150547981	29127.81836	0.026114099
0.638411338	25209.18359	-0.147516832	29020.65625	0.026489406
0.638422893	25214.74414	-0.147882626	29020.65625	0.026632757
0.638434492	25224.62891	-0.152457729	29020.65625	0.02658814
0.63844604	25225.45117	-0.149136558	29020.65625	0.026604779
0.638457618	25241.09766	-0.153620675	29020.65625	0.02670188
0.638469192	25257.4707	-0.145422459	29060.05469	0.026559944
0.638480759	25276.29688	-0.147255153	29060.05469	0.026592832
0.638492334	25249.11133	-0.147707671	29060.05469	0.026358306
0.638503933	25258.92773	-0.156115919	29060.05469	0.026469292
0.638515502	25227.65234	-0.142849818	29060.05469	0.026461284
0.638527067	25200.41992	-0.146118626	29075.06836	0.026351259
0.638538636	25153.85352	-0.151747122	29075.06836	0.026092008
0.638550205	25176.27148	-0.149066582	29075.06836	0.026247685
0.638561788	25160.6875	-0.150460005	29075.06836	0.026300553
0.638573381	25167.55078	-0.151153863	29075.06836	0.026189241
0.638584942	25162.48633	-0.150606528	28990.41602	0.026486077
0.638596517	25171.84375	-0.151193455	28990.41602	0.026528021
0.638608086	25141.91797	-0.150596231	28990.41602	0.026468746
0.63861968	25194.81445	-0.151836813	28990.41602	0.026646986
0.638631253	25147.01367	-0.151851267	28990.41602	0.026521299
0.638642823	25181.54102	-0.151469499	29000.02539	0.026368753
0.638654391	25178.9707	-0.15081948	29000.02539	0.026593933
0.638665953	25129.65039	-0.152015835	29000.02539	0.026272771
0.63867753	25175.15039	-0.152704001	29000.02539	0.026623014
0.638689117	25138.63672	-0.152354434	29000.02539	0.02640215
0.638700695	25119.66406	-0.153074533	28971.11719	0.026501783
0.63871226	25097.37695	-0.152764604	28971.11719	0.026377855
0.638723812	25092.91406	-0.152969316	28971.11719	0.026313439
0.638735417	25048.53125	-0.152494356	28971.11719	0.026171241
0.638746987	25065.88867	-0.153283998	28971.11719	0.026195731
0.638758537	25045.11914	-0.152690604	28902.16992	0.026376925
0.638770128	25057.97266	-0.161879733	28902.16992	0.026369465
0.638781703	25035.85352	-0.169585943	28902.16992	0.026361442
0.638793272	25022.97656	-0.19728139	28902.16992	0.026391799
0.638804833	25035.16602	-0.153481245	28902.16992	0.026340762
0.63881643	25037.76758	-0.151739404	28887.38086	0.02645844
0.63882798	25085.41797	-0.15356946	28887.38086	0.026553336
0.638839576	25065.82031	-0.152090848	28887.38086	0.026420837
0.638851146	25067.16406	-0.152636081	28887.38086	0.026620289
0.638862704	25087.86914	-0.15303877	28887.38086	0.02663756
0.638874282	25087.13672	-0.153654277	28928.7793	0.026361316
0.638885853	25117.37891	-0.153437018	28928.7793	0.026538638
0.638897455	25104.89063	-0.153251678	28928.7793	0.026496118
0.638909023	25111.95508	-0.15224047	28928.7793	0.026585327
0.638920572	25117.87891	-0.154510692	28928.7793	0.026459505
0.638932158	25132.30273	-0.15367128	28936.04492	0.026500808
0.638943732	25129.98438	-0.152374491	28936.04492	0.026584722
0.6389553	25131.84961	-0.154449865	28936.04492	0.026593517
0.638966877	25122.50586	-0.154018968	28936.04492	0.026649831
0.638978451	25122.57617	-0.154510409	28936.04492	0.026490151
0.638990027	25111.73828	-0.154194981	28979.73047	0.026365438
0.639001589	25109.25	-0.155739799	28979.73047	0.026349926
0.63901318	25116.70898	-0.154414684	28979.73047	0.026414159
0.639024748	25104.4375	-0.155678526	28979.73047	0.026323058
0.639036322	25073.12109	-0.155460119	28979.73047	0.026207844
0.639047901	25096.01563	-0.15270415	29019.57617	0.026120955
0.639059474	25107.35742	-0.154134095	29019.57617	0.026231773
0.639071054	25045.43164	-0.155365095	29019.57617	0.025916251
0.639082621	25110.40625	-0.155783355	29019.57617	0.026219108
0.63909419	25182.98242	-0.153315768	29019.57617	0.026616204
0.639105779	25223.44922	-0.155865341	29050.57813	0.026562998
0.639117343	25209.22656	-0.156180441	29050.57813	0.026428702
0.639128904	25178.39648	-0.155678138	29050.57813	0.026373213
0.639140493	25250.76563	-0.155496106	29050.57813	0.026681484
0.639152054	25262.59375	-0.154745773	29050.57813	0.026618227
0.639163654	25247.48047	-0.155617446	29084.05664	0.026447597
0.639175222	25247.58008	-0.156476498	29084.05664	0.026455103
0.639186799	25280.07422	-0.15590632	29084.05664	0.02657311
0.639198354	25263.1543	-0.155810639	29084.05664	0.026493016
0.639209927	25305.17969	-0.155983433	29084.05664	0.026575625
0.639221529	25327.01953	-0.156155899	29115.33203	0.026680127
0.639233101	25307.72461	-0.157990634	29115.33203	0.026608974
0.639244666	25324.58203	-0.156377122	29115.33203	0.026537589
0.639256221	25330.82617	-0.156297579	29115.33203	0.026609406
0.63926781	25322.25781	-0.157467365	29115.33203	0.02661788
0.639279385	25274.60547	-0.154998541	29094.97266	0.026482382
0.639290966	25308.33789	-0.158524334	29094.97266	0.026630022
0.639302538	25296.02734	-0.157699227	29094.97266	0.026588895
0.639314111	25313.46875	-0.156848699	29094.97266	0.026701397
0.639325672	25318.02148	-0.15702939	29094.97266	0.026683186
0.63933726	25357.52539	-0.157771558	29176.60742	0.026448013
0.639348842	25342.95117	-0.155822128	29176.60742	0.026369387
0.639360416	25331.02734	-0.15770632	29176.60742	0.026396331
0.639371969	25318.91602	-0.158035725	29176.60742	0.026348484
0.639383535	25324.97852	-0.160902798	29176.60742	0.026313751
0.639395135	25307.94141	-0.157824308	29183.86328	0.02638945
0.639406684	25379.96484	-0.156156227	29183.86328	0.026648788
0.63941829	25381.55664	-0.157339275	29183.86328	0.026615337
0.639429862	25395.82422	-0.157363206	29183.86328	0.026633405
0.639441419	25416.59375	-0.161718756	29183.86328	0.026690407
0.639452991	25422.06055	-0.161254183	29226.0625	0.026579748
0.639464569	25450.91211	-0.158754572	29226.0625	0.026688962
0.639476127	25480.29883	-0.15842104	29226.0625	0.026714659
0.639487727	25495.77344	-0.155172914	29226.0625	0.026795444
0.639499298	25549.68555	-0.158546701	29226.0625	0.027004352
0.63951087	25573.45117	-0.158208191	29399.37695	0.026468606
0.639522435	25561.25	-0.160167575	29399.37695	0.026400178
0.639533999	25606.96094	-0.160219938	29399.37695	0.026594217
0.639545609	25660.87695	-0.158482462	29399.37695	0.026812275
0.639557155	25649.64648	-0.160646945	29399.37695	0.02671768
0.639568737	25678.17578	-0.159037799	29562.80273	0.026304005
0.639580313	25727.02734	-0.160149813	29562.80273	0.026403331
0.639591877	25768.26758	-0.160762012	29562.80273	0.02659894
0.639603434	25826.17969	-0.162084937	29562.80273	0.026782173
0.63961502	25837.5	-0.159476966	29562.80273	0.026773997
0.639626604	25854.88867	-0.157981157	29696.31641	0.02647485
0.639638174	25853.1582	-0.159393773	29696.31641	0.026425327
0.639649763	25911.39258	-0.157791615	29696.31641	0.026512913
0.63966133	25969.76367	-0.162312105	29696.31641	0.026867349
0.639672905	25981.37305	-0.159466431	29696.31641	0.026833453
0.639684463	26000.01172	-0.161247715	29877.33594	0.026165173
0.639696049	26009.70703	-0.162311718	29877.33594	0.026324891
0.639707609	26002.28711	-0.162131801	29877.33594	0.026252668
0.639719182	25996.63281	-0.161679223	29877.33594	0.026249127
0.639730769	25992.29688	-0.160147667	29877.33594	0.026192546
0.639742358	26000.76367	-0.161120489	30040.19531	0.025684436
0.639753947	26050.20117	-0.161495417	30040.19531	0.025702536
0.639765497	26124.61328	-0.159842134	30040.19531	0.026084243
0.639777066	26167.37891	-0.161888644	30040.19531	0.026214377
0.639788629	26230.18945	-0.161131263	30040.19531	0.026459587
0.639800207	26288.02148	-0.163051829	30202.86523	0.026094424
0.639811791	26329.66797	-0.161456749	30202.86523	0.026175045
0.639823351	26384.81055	-0.162708581	30202.86523	0.02629963
0.639834942	26398.05469	-0.162683263	30202.86523	0.02639566
0.639846512	26436.08203	-0.160988852	30202.86523	0.026584248
0.63985809	26465.11719	-0.162654728	30399.1875	0.025923819
0.639869648	26471.9082	-0.161210373	30399.1875	0.026102664
0.639881252	26440.79102	-0.162102789	30399.1875	0.02588381
0.639892826	26489.77344	-0.162766069	30399.1875	0.026069788
0.639904383	26551.75781	-0.161064297	30399.1875	0.026303266
0.639915958	26609.67969	-0.163011715	30535.74609	0.026077967
0.639927527	26626.78711	-0.164299354	30535.74609	0.026003419
0.639939092	26672.58008	-0.163918391	30535.74609	0.02622108
0.639950667	26700.24023	-0.160701558	30535.74609	0.026447266
0.639962267	26719.62891	-0.163563848	30535.74609	0.026375565
0.639973815	26774.43945	-0.164483681	30679.20117	0.026064457
0.639985393	26809.62305	-0.163185418	30679.20117	0.026280222
0.639996969	26836.4043	-0.162184298	30679.20117	0.026277687
0.640008533	26841.24805	-0.16413258	30679.20117	0.026192388
0.640020127	26844.36133	-0.165777296	30679.20117	0.026366076
0.640031705	26913.61523	-0.164297149	30848.69922	0.026005281
0.640043259	26879.24609	-0.164872065	30848.69922	0.025774443
0.640054832	26941.48438	-0.162846819	30848.69922	0.025982123
0.640066413	26919.66602	-0.163015544	30848.69922	0.026007458
0.640077984	26991.92188	-0.16418314	30848.69922	0.026231612
0.640089554	27001.78516	-0.164208069	31017.16211	0.025699723
0.640101139	27101.78711	-0.162760943	31017.16211	0.02595893
0.640112731	27145.25586	-0.161922723	31017.16211	0.026240608
0.640124295	27119.05859	-0.165214256	31017.16211	0.026067253
0.640135852	27168.52734	-0.164707363	31017.16211	0.026298849
0.640147438	27229.2832	-0.164149672	31172.62891	0.02598648
0.640159001	27222.81445	-0.164667204	31172.62891	0.025940001
0.640170577	27246.8418	-0.164364502	31172.62891	0.025964773
0.640182153	27297.2832	-0.161259055	31172.62891	0.026198013
0.640193752	27307.11328	-0.165121391	31172.62891	0.026205441
0.640205316	27349.04688	-0.1645886	31329.80273	0.025739605
0.640216868	27365.64844	-0.165685356	31329.80273	0.025755177
0.64022845	27371.00977	-0.164476782	31329.80273	0.025961928
0.640240046	27398.01172	-0.1652807	31329.80273	0.025931102
0.640251596	27387.875	-0.160251439	31329.80273	0.025881191
0.640263189	27468.98242	-0.161340147	31482.14063	0.025613414
0.640274761	27449.84766	-0.155575082	31482.14063	0.025559999
0.640286324	27501.70313	-0.139150992	31482.14063	0.025758147
0.64029789	27513.38672	-0.16978319	31482.14063	0.025660325
0.640309505	27582.0625	-0.195036665	31482.14063	0.025834808
0.640321066	27528.5332	-0.182055563	31625.52539	0.025381882
0.640332637	27611.82031	-0.159245968	31625.52539	0.025758628
0.640344211	27616.24023	-0.164354399	31625.52539	0.02561882
0.640355771	27694.80469	-0.170030654	31625.52539	0.025949784
0.64036734	27698.91992	-0.168458656	31625.52539	0.02591413
0.64037891	27671.76172	-0.165998399	31763.06836	0.025467366
0.640390493	27769.99023	-0.167269617	31763.06836	0.025792233
0.640402058	27789.60938	-0.166289032	31763.06836	0.025879747
0.640413625	27793.92578	-0.165529311	31763.06836	0.025820754
0.640425224	27833.17969	-0.168835789	31763.06836	0.025978255
0.640436784	27801.44531	-0.168187633	31952.25391	0.025139434
0.640448361	27822.83203	-0.170471162	31952.25391	0.025236204
0.640459955	27821.64453	-0.166601747	31952.25391	0.025211711
0.64047151	27839.27148	-0.16669403	31952.25391	0.025270759
0.640483078	27813.1582	-0.166379362	31952.25391	0.025186555
0.640494673	27839.13867	-0.166796267	31999.4668	0.025163407
0.640506236	27815.83984	-0.168041498	31999.4668	0.025042551
0.640517827	27849.19922	-0.166000262	31999.4668	0.025146483
0.640529368	27843.1543	-0.165803582	31999.4668	0.025120433
0.640540963	27853.8125	-0.163080543	31999.4668	0.025141746
0.640552536	27926.33203	-0.162852705	31929.37695	0.025668163
0.640564095	27933.58398	-0.155645117	31929.37695	0.02572417
0.640575672	27926.08203	-0.164798543	31929.37695	0.025615239
0.640587259	27890.20703	-0.163813651	31929.37695	0.025534522
0.640598816	27875.69336	-0.173326224	31929.37695	0.025430854
0.640610387	27844.45313	-0.17160137	31916.7207	0.025343535
0.640621971	27858.1582	-0.170711219	31916.7207	0.02545495
0.640633535	27819.35156	-0.168393225	31916.7207	0.025351983
0.640645116	27850.45117	-0.167466015	31916.7207	0.025345219
0.640656697	27847.83398	-0.16761367	31916.7207	0.025422398
0.640668264	27826.49414	-0.165569812	31898.07813	0.025419741
0.640679849	27775.31055	-0.157245934	31898.07813	0.025248807
0.640691403	27772.03906	-0.169222161	31898.07813	0.025300434
0.640703011	27791.16211	-0.182231084	31898.07813	0.025330639
0.640714562	27809.41992	-0.164890587	31898.07813	0.025369598
0.64072614	27775.98438	-0.159614191	31863.64063	0.025357222
0.640737717	27773.36133	-0.178684175	31863.64063	0.025389559
0.640749286	27812.69336	-0.187714443	31863.64063	0.025527117
0.640760856	27815.04492	-0.166495815	31863.64063	0.025466051
0.640772427	27809.35742	-0.175315857	31863.64063	0.025359814
0.640784012	27767.03516	-0.161812723	31872.78711	0.025259205
0.640795571	27730.16406	-0.161927834	31872.78711	0.025041296
0.640807173	27749.40625	-0.170890898	31872.78711	0.025187636
0.640818723	27721.13086	-0.169219285	31872.78711	0.025073036
0.640830303	27717.16406	-0.170014769	31872.78711	0.025145182
0.640841901	27720.76953	-0.166955382	31823.74219	0.025234162
0.640853444	27680.54688	-0.16937317	31823.74219	0.075196268
0.640865038	27626.66016	-0.170314118	31823.74219	0.075238694
0.6408766	27589.80664	-0.175490901	31823.74219	0.074758524
0.64088817	27536.52539	-0.174936384	31823.74219	0.074253778
0.640899783	27538.67578	-0.170712695	31680.14844	0.075367325
0.640911336	27543.88477	-0.172365606	31680.14844	0.075390544
0.640922906	27473.64648	-0.170679525	31680.14844	0.074772901
0.640934467	27460.65039	-0.172255173	31680.14844	0.07497165
0.640946061	27458.07813	-0.170658857	31680.14844	0.075181648
0.640957621	27453.7207	-0.171917006	31538.25977	0.076223059
0.640969199	27381.4375	-0.170674503	31538.25977	0.075388656
0.640980767	27418.31445	-0.169230193	31538.25977	0.075633687
0.640992341	27409.64648	-0.165686697	31538.25977	0.075980566
0.64100395	27350.99805	-0.131556556	31538.25977	0.074995561
0.641015517	27281.62891	-0.175105721	31415.62695	0.075539294
0.641027073	27188.61523	-0.175471902	31415.62695	0.074804468
0.641038633	27081.02734	-0.176015988	31415.62695	0.073942631
0.641050207	27069.16406	-0.173022419	31415.62695	0.073987075
0.64106178	26928.26172	-0.172458798	31415.62695	0.072583003
0.641073379	26831.27539	-0.192107096	31318.96289	0.07284155
0.641084947	26770.08789	-0.175578743	31318.96289	0.07236735
0.6410965	26661.78125	-0.199211672	31318.96289	0.071622033
0.641108076	26560.48828	-0.174653977	31318.96289	0.070614635
0.641119653	26526.4375	-0.167456865	31318.96289	0.070624747
0.641131239	26467.64648	-0.172971204	31149.03516	0.071167126
0.641142813	26450.42969	-0.171752244	31149.03516	0.071242562
0.641154376	26365.06055	-0.171726599	31149.03516	0.070423087
0.641165965	26325.7168	-0.132608742	31149.03516	0.070333546
0.641177532	26299.11914	-0.220123038	31149.03516	0.069802372
0.641189092	26252.73047	-0.171684131	31030.68555	0.070689038
0.641200686	26213.18555	-0.173602402	31030.68555	0.070441579
0.641212238	26221.16992	-0.171545371	31030.68555	0.070262011
0.641223812	26196.60938	-0.168645561	31030.68555	0.070463335
0.64123539	26244.44922	-0.141612157	31030.68555	0.070691235
0.641246961	26193.30273	-0.167820454	30923.75195	0.071247664
0.641258559	26104.49023	-0.170412242	30923.75195	0.070175719
0.641270137	25888.69727	-0.157821864	30923.75195	0.068411637
0.641281694	25661.21094	-0.170335904	30923.75195	0.067504272
0.641293286	25582.33008	-0.174165264	30923.75195	0.06681567
0.641304832	25427.68945	-0.177288458	30804.48633	0.06643551
0.641316406	25343.25781	-0.192184627	30804.48633	0.066161668
0.641327998	25230.98633	-0.171794847	30804.48633	0.065387018
0.641339571	25174.99414	-0.171689734	30804.48633	0.065317888
0.641351149	25178.81641	-0.17200388	30804.48633	0.065346956
0.641362722	25059.00586	-0.174655736	30702.32227	0.065009517
0.641374286	25092.37695	-0.174080148	30702.32227	0.065605131
0.641385854	25133.82422	-0.184334204	30702.32227	0.065772539
0.641397461	25142.42773	-0.207915917	30702.32227	0.065931877
0.641408997	25175.5332	-0.177311763	30702.32227	0.065781154
0.64142058	25223.9707	-0.184953019	30546.02148	0.067232469
0.641432159	25280.58984	-0.183134362	30546.02148	0.067579477
0.641443754	25276.67188	-0.172564477	30546.02148	0.067470359
0.641455309	25272.56445	-0.170143902	30546.02148	0.067454798
0.641466898	25129.4707	-0.171877995	30546.02148	0.066274966
0.641478451	24762.05859	-0.171105683	30464.34961	0.064205079
0.641490018	23957.00586	-0.173034102	30464.34961	0.060212109
0.641501593	23053.24805	-0.171078593	30464.34961	0.056427221
0.64151317	22017.70898	-0.168493927	30464.34961	0.052963581
0.641524752	21025.92188	-0.170412108	30464.34961	0.050305584
0.641536319	20217.77734	-0.172019392	30352.47852	0.048855959
0.641547893	20587.73242	-0.168860242	30352.47852	0.050426039
0.641559492	21114.56445	-0.172326878	30352.47852	0.051701984
0.64157105	21501.74414	-0.144291207	30352.47852	0.052916318
0.641582613	22007.41602	-0.137413412	30352.47852	0.054612261
0.641594182	22706.02734	-0.128211021	30233.96289	0.057192101
0.641605777	23254.30273	-0.118429303	30233.96289	0.059349624
0.641617337	23660.89648	-0.101572976	30233.96289	0.060916356
0.641628916	23998.94531	-0.085313201	30233.96289	0.062658795
0.641640499	24251.04688	-0.071746089	30233.96289	0.064066273
0.641652064	24475.96484	-0.062714048	30100.66797	0.06590432
0.641663633	24738.1582	-0.059589751	30100.66797	0.067258385
0.641675219	24767.11719	-0.063974619	30100.66797	0.067345773
0.641686797	24835.16406	-0.079824686	30100.66797	0.06777021
0.641698371	24839.80664	-0.083266527	30100.66797	0.067749248
0.641709932	24908.61523	-0.086645469	30022.41406	0.068780704
0.641721508	24918.29492	-0.09333089	30022.41406	0.06885583
0.641733076	24955.25586	-0.078256868	30022.41406	0.023078234
0.641744647	24790.51563	-0.066484034	30022.41406	0.022384142
0.641756237	24308.61133	-0.047372937	30022.41406	0.021549917
0.6417678	24095.36914	-0.020829167	29874.16406	0.021619078
0.641779387	23794.72656	-0.007958529	29874.16406	0.02096818
0.641790945	23408.98242	-0.002987066	29874.16406	0.020253986
0.641802542	23414.99805	-0.000268527	29874.16406	0.020222202
0.641814096	23305.07422	0.010239431	29874.16406	0.020354849
0.641825673	23157.09961	0.040965356	29785.1875	0.020245624
0.641837237	23032.36328	0.080623746	29785.1875	0.019863884
0.641848812	23048.22852	0.118215717	29785.1875	0.019843698
0.641860395	22691.13867	0.147845492	29785.1875	0.019425797
0.641871985	22304.16211	0.178383753	29785.1875	0.01890766
0.641883541	21971.33789	0.225199372	29695.01953	0.018632254
0.641895136	21768.49609	0.25420174	29695.01953	0.018490786
0.641906711	21623.79688	0.263318807	29695.01953	0.018488982
0.641918274	21642.71875	0.286160588	29695.01953	0.018272833
0.641929849	21354.98828	0.323525935	29695.01953	0.017985682
0.641941416	21152.61523	0.351116747	29596.59375	0.018134287
0.641953007	21216.57422	0.394461155	29596.59375	0.017919348
0.641964563	21402.89453	0.411542863	29596.59375	0.018245232
0.641976144	21361.68555	0.478205919	29596.59375	0.018329001
0.641987729	21398.10547	0.506976485	29596.59375	0.018106037
0.641999294	21043.93555	0.519923747	29494.44727	0.017919196
0.642010855	20872.80273	0.522644043	29494.44727	0.017935285
0.642022429	20956.62891	0.528704405	29494.44727	0.017730101
0.642033996	20606.55469	0.554411888	29494.44727	0.017442054
0.642045572	20257.57031	0.613125145	29494.44727	0.017143671
0.642057174	19951.74219	0.647342145	29408.54492	0.016929679
0.642068722	20089.2207	0.653944254	29408.54492	0.017275406
0.642080297	19887.625	0.697356701	29408.54492	0.016916271
0.642091876	19557.10742	0.734685421	29408.54492	0.01660915
0.64210346	19591.92773	0.767140389	29408.54492	0.016974287
0.642115025	19645.09375	0.7888695	29376.875	0.016686012
0.642126608	19945.38672	0.814644754	29376.875	0.017066604
0.642138166	19665.71094	0.863027632	29376.875	0.016764189
0.642149738	19398.02148	0.900617778	29376.875	0.016494673
0.642161345	19589.66797	0.913626373	29376.875	0.016970329
0.642172889	19548.67773	0.919842601	29412.20703	0.016618239
0.642184465	19924.38086	0.945636869	29412.20703	0.016923072
0.64219604	19878.68555	0.990432978	29412.20703	0.017207591
0.64220763	19846.43945	1.028154254	29412.20703	0.01681607
0.642219202	20138.0957	1.044555068	29412.20703	0.017203464
0.64223076	19860.17578	1.064822316	29426.95117	0.016859011
0.642242356	19550.92188	1.117262244	29426.95117	0.016605529
0.642253897	19761.85352	1.170746326	29426.95117	0.017062661
0.642265508	19664.43555	1.205518365	29426.95117	0.016688215
0.642277079	20001.39844	1.261201263	29426.95117	0.01695043
0.642288636	19927.63477	1.295495272	29467.47852	0.01711115
0.642300209	19915.75195	1.30860889	29467.47852	0.016835737
0.642311787	20166.67969	1.321249247	29467.47852	0.017194808
0.642323364	19909.27148	1.369889021	29467.47852	0.01688129
0.642334932	19666.58984	1.419535637	29467.47852	0.016638973
0.642346508	19697.99609	1.437251329	29479.05664	0.016945673
0.642358102	19624.94336	1.442325234	29479.05664	0.016582104
0.642369656	20033.28711	1.451595068	29479.05664	0.016929773
0.64238122	19929.08984	1.475093246	29479.05664	0.017136574
0.642392806	19994.96289	1.538741946	29479.05664	0.016890932
0.642404371	19587.0293	1.560740113	29474.13281	0.016534266
0.642415947	19081.46289	1.569011688	29474.13281	0.016160338
0.642427529	18507.39844	1.577856422	29474.13281	0.015757899
0.642439117	18057.98438	1.6022048	29474.13281	0.015535101
0.642450672	17616.66211	1.647577882	29474.13281	0.015190428
0.64246227	17252.6582	1.685291052	29486.75781	0.015026323
0.642473811	16819.75586	1.701440334	29486.75781	0.014720375
0.642485396	16617.1875	1.719748735	29486.75781	0.014636775
0.642497	16106.9209	1.749935508	29486.75781	0.014334736
0.642508546	15900.74121	1.799133062	29486.75781	0.014236873
0.642520115	15492.91113	1.838301063	29505.17188	0.014064366
0.6425317	15931.27539	1.889399409	29505.17188	0.014258655
0.642543268	15356.43066	1.947261453	29505.17188	0.013986
0.642554855	14876.96094	1.977342248	29505.17188	0.01376813
0.642566407	14676.9248	2.029401302	29505.17188	0.013794367
0.642578005	15027.72656	2.08169651	29539.64453	0.013799675
0.642589561	14537.96777	2.093603849	29539.64453	0.013606114
0.642601147	14251.35449	2.105543852	29539.64453	0.013480459
0.642612728	14059.40137	2.163866043	29539.64453	0.013525448
0.642624289	14358.0293	2.22024703	29539.64453	0.01353898
0.642635856	13852.85352	2.279568195	29607.17578	0.013295516
0.642647423	13474.69238	2.33748126	29607.17578	0.013144598
0.642659016	13339.32324	2.356140375	29607.17578	0.013198627
0.642670574	13721.4707	2.376355171	29607.17578	0.013237768
0.642682156	13478.18359	2.427491188	29607.17578	0.013224265
0.642693739	13879.29688	2.47380805	29701.23633	0.013240078
0.642705323	13562.67188	2.486746788	29701.23633	0.013191486
0.642716872	14025.80371	2.499253273	29701.23633	0.01331625
0.642728443	13670.13965	2.546772957	29701.23633	0.013225766
0.642740017	14095.54785	2.599424362	29701.23633	0.013353846
0.642751607	13702.0293	2.618658304	29812.41602	0.013167184
0.64276319	14170.47559	2.639563561	29812.41602	0.013321649
0.642774745	13658.41797	2.697683096	29812.41602	0.013121955
0.642786319	14214.27441	2.736520529	29812.41602	0.01333439
0.642797897	13687.24414	2.760870695	29812.41602	0.013139371
0.642809491	14376.71582	2.807852507	29891.70508	0.013363701
0.642821044	13777.33887	2.86126399	29891.70508	0.013139774
0.642832611	14618.96387	2.903756142	29891.70508	0.013462001
0.6428442	13979.48926	2.961289883	29891.70508	0.013210794
0.642855778	14561.25391	3.003912211	29891.70508	0.013446203
0.642867343	13970.41895	3.013913631	30029.49414	0.01315044
0.642878915	14603.7998	3.037479162	30029.49414	0.013419544
0.642890504	14093.35352	3.088332176	30029.49414	0.01319435
0.642902055	14567.35938	3.125174522	30029.49414	0.013402485
0.642913635	14060.91602	3.141135454	30029.49414	0.013207149
0.642925209	14494.0957	3.151298046	30106.89453	0.013354577
0.642936797	14018.28418	3.178856373	30106.89453	0.013146114
0.642948375	14522.31348	3.212276936	30106.89453	0.013374278
0.642959922	14019.23145	3.247142553	30106.89453	0.013142337
0.642971515	14457.9707	3.269016743	30106.89453	0.013364873
0.642983085	14039.03711	3.286964893	30195.77148	0.013094734
0.642994663	14432.96875	3.307523727	30195.77148	0.013343007
0.64300624	14085.24414	3.325975418	30195.77148	0.013126775
0.643017817	14497.87109	3.347367048	30195.77148	0.013395607
0.643029377	14178.60547	3.374990225	30195.77148	0.013160329
0.643040943	14504.3291	3.392020941	30300.76563	0.013363763
0.643052524	14217.24121	3.402394533	30300.76563	0.013128238
0.643064111	14519.21484	3.410774946	30300.76563	0.013383942
0.643075666	14265.25	3.441087008	30300.76563	0.013143818
0.643087242	14521.42188	3.497841597	30300.76563	0.013399706
0.643098826	14254.09473	3.530445814	30414.67383	0.013098243
0.643110423	13908.94238	3.548472881	30414.67383	0.013017286
0.643121968	13503.18359	3.57758832	30414.67383	0.012824857
0.643133535	13289.11523	3.642349958	30414.67383	0.01281144
0.64314512	13035.4502	3.655796289	30414.67383	0.012675262
0.643156698	13025.11328	3.663291693	30541.32813	0.012746864
0.643168291	13137.51465	3.666799069	30541.32813	0.012653748
0.643179854	13004.0918	3.675356388	30541.32813	0.01268776
0.643191418	13394.62695	3.697831392	30541.32813	0.012743019
0.64320298	12966.43848	3.74028039	30541.32813	0.012600296
0.643214567	12767.9668	3.777566195	30620.41406	0.012494005
0.643226169	12263.29688	3.79703927	30620.41406	0.012342318
0.64323772	12860.05566	3.813379049	30620.41406	0.012540753
0.643249284	12495.77539	3.873426914	30620.41406	0.012409135
0.643260849	12528.87598	3.916218281	30620.41406	0.012465042
0.643272438	12201.36328	3.94089365	30587.59375	0.01233218
0.643284041	12264.30957	3.983749867	30587.59375	0.012479708
0.643295585	12204.56055	4.02970171	30587.59375	0.012327678
0.643307179	12182.34863	4.051873207	30587.59375	0.012443274
0.643318728	12239.99121	4.063328266	30587.59375	0.012343406
0.6433303	11941.62598	4.079277992	30532.73633	0.012330777
0.64334188	12158.57813	4.104748726	30532.73633	0.012337383
0.643353444	11729.44922	4.16031456	30532.73633	0.012203105
0.643365033	11498.45703	4.175124168	30532.73633	0.012128728
0.643376608	11086.5127	4.187422752	30532.73633	0.012033851
0.643388197	11794.7041	4.189358234	30502.05664	0.012299261
0.64339975	11536.18457	4.191086769	30502.05664	0.012158825
0.643411339	11936.01758	4.194863319	30502.05664	0.012435225
