Day fraction since midnight on 	Accumulator Pressure (Pa)	DO probe (mg/L)	Source Pressure (Pa)	air valve control ()
0.620494686	18120.55664	8.38106823	31528.21094	0.142775162
0.620506251	18116.79492	8.380592346	31528.21094	0.142796439
0.620517821	18152.63281	8.380486488	31528.21094	0.142970102
0.620529419	18125.25586	8.378396034	31439.62891	0.14331406
0.620540992	18136.29297	8.376237869	31439.62891	0.143389089
0.620552542	18089.78906	8.369290352	31439.62891	0.143189968
0.620564142	18121.77734	8.364653587	31439.62891	0.143358705
0.620575718	18122.05078	8.357069969	31439.62891	0.143258972
0.620587262	18128.75781	8.341648102	31281.24609	0.144292279
0.620598877	18133.65234	8.355366707	31281.24609	0.144300071
0.620610451	18116.16602	8.350624085	31281.24609	0.144147347
0.620621991	18101.04688	8.36000824	31281.24609	0.144135674
0.620633573	18105.99023	8.362976074	31281.24609	0.144036393
0.620645171	18118.38672	8.312153816	31118.77539	0.14510486
0.620656727	18125.13281	8.228835106	31118.77539	0.145369268
0.620668273	18126.54883	8.064273834	31118.77539	0.145144114
0.620679883	18120.12305	7.851096153	31118.77539	0.14522428
0.620691429	18131.89648	7.509754658	31118.77539	0.145086283
0.620703012	18108.58203	7.016602039	30989.53711	0.145810775
0.620714591	18119.99609	6.468694687	30989.53711	0.145890348
0.62072616	18104.11523	5.863040924	30989.53711	0.146104677
0.620737726	18127.39258	5.290057659	30989.53711	0.145847445
0.620749339	18125.12109	4.730496407	30989.53711	0.146038425
0.620760897	18135.18164	4.249349594	30857.23633	0.146772252
0.620772449	18097.88281	3.789111853	30857.23633	0.146516798
0.620784039	18132.19336	3.385361671	30857.23633	0.146764022
0.620795613	18106.61914	3.009828806	30857.23633	0.146668333
0.620807173	18118.60352	2.670022965	30857.23633	0.146719676
0.620818755	18125.24414	2.419421434	30715.77539	0.147655258
0.620830322	18097.55664	2.145173788	30715.77539	0.147439216
0.620841908	18097.73828	1.956343532	30715.77539	0.147609869
0.620853487	18105.61328	1.692570329	30715.77539	0.14737068
0.620865082	18081.85352	1.532253265	30715.77539	0.147492613
0.620876641	18107.66992	1.406481504	30603.03125	0.148134744
0.620888196	18115.60938	1.264982104	30603.03125	0.148230491
0.620899768	18113.10547	1.105276465	30603.03125	0.148223048
0.620911367	18085.16016	1.015778184	30603.03125	0.148143458
0.620922912	18082.69727	0.919857621	30603.03125	0.148094855
0.620934514	18104.36328	0.862856329	30483.4043	0.148891096
0.62094606	18081	0.744730532	30483.4043	0.148784781
0.62095764	18089.8418	0.663048625	30483.4043	0.148945752
0.620969238	18073.67578	0.608847618	30483.4043	0.14868482
0.620980812	18128.4707	0.540142179	30483.4043	0.148991505
0.62099237	18074.11719	0.520344734	30309.78125	0.149792907
0.621003954	18100.35547	0.495542556	30309.78125	0.149922335
0.621015526	18028.56055	0.432149291	30309.78125	0.149616044
0.621027095	18039.04883	0.408414722	30309.78125	0.149701864
0.621038654	17998.04297	0.381524235	30309.78125	0.149428231
0.621050241	18007.3457	0.343882859	30202.22656	0.150339359
0.621061815	18006.51758	0.300408512	30202.22656	0.150128823
0.621073405	18011.97266	0.268069953	30202.22656	0.150250383
0.621084958	18000.83203	0.262265682	30202.22656	0.150235925
0.621096544	18014.82813	0.25153482	30202.22656	0.150146814
0.62110811	18027.9707	0.224253684	30064.83008	0.151175039
0.621119691	17994.77344	0.204794154	30064.83008	0.151027326
0.621131253	18038.67969	0.177279919	30064.83008	0.151089193
0.621142838	18025.22852	0.147583351	30064.83008	0.151329002
0.621154418	18036.53125	0.135339201	30064.83008	0.151377973
0.621165974	18009.11523	0.118757308	29891.89063	0.152155051
0.621177567	18036.66797	0.104210943	29891.89063	0.152484082
0.62118912	18033.23438	0.085839279	29891.89063	0.152473864
0.621200719	18042.24219	0.063122489	29891.89063	0.152498711
0.621212261	18038.81055	0.029846847	29891.89063	0.152363909
0.621223853	18039.67188	0.030723484	29740.19922	0.153342641
0.621235408	18017.69531	0.019111885	29740.19922	0.153395765
0.621246987	18052.35156	0.010838495	29740.19922	0.153631064
0.621258563	18022.9707	0.006174786	29740.19922	0.153353276
0.621270158	18644.09375	0.006970842	29740.19922	0.158086474
0.621281706	19070.72656	0.000103007	29634.74023	0.161932518
0.621293285	19372.5332	-0.000841577	29634.74023	0.163719178
aerate				
0.621304854	19623.06641	-0.001728746	29634.74023	0.165812897
0.621316441	19685.66992	-0.0017292	29634.74023	0.165928596
0.621328019	19791.13867	-0.003351875	29634.74023	0.167201181
0.621339577	19915.86133	-0.002777533	29465.33203	0.16959438
0.621351153	19933.17578	-0.00377051	29465.33203	0.169681688
0.62136274	19962.34766	-0.0040309	29465.33203	0.170190147
0.621374316	19981.76367	-0.005813853	29465.33203	0.170041969
0.621385882	19991.23633	-0.006272001	29465.33203	0.169891185
0.621397451	19949.29102	-0.007171328	29293.57617	0.171148178
0.621409038	19954.81445	-0.007328615	29293.57617	0.171345115
0.621420602	19991.34375	-0.009168697	29293.57617	0.171804963
0.621432185	19999.27344	-0.012038539	29293.57617	0.171859645
0.621443756	19928.77148	-0.013285347	29293.57617	0.171020046
0.621455342	19907.44922	-0.014879638	29153.02734	0.171879277
0.62146689	19926.98047	-0.018016739	29153.02734	0.17258578
0.621478466	19920.75977	-0.019337142	29153.02734	0.172511733
0.621490037	19835.98438	-0.017446728	29153.02734	0.17155103
0.621501616	19713.94727	-0.01321958	29153.02734	0.170988283
0.621513204	19831.48047	-0.008230119	29012.03125	0.172611009
0.621524781	19786.93555	-0.003453112	29012.03125	0.172183969
0.621536343	19786.875	-0.001466896	29012.03125	0.172362447
0.621547928	19735.00586	0.010381855	29012.03125	0.171745355
0.621559507	19659.61328	0.063724972	29012.03125	0.17090542
0.621571067	19612.06641	0.127975985	28866.81055	0.172307359
0.621582642	19618.29297	0.199228078	28866.81055	0.172472993
0.621594222	19668.98438	0.257602274	28866.81055	0.17287423
0.621605803	19626.50195	0.323286623	28866.81055	0.172733544
0.621617362	19653.91406	0.395369321	28866.81055	0.17309554
0.621628953	19645.82227	0.470624715	28771.08789	0.173354147
0.621640506	19557.08984	0.528768241	28771.08789	0.172360213
0.621652083	19293.34375	0.623875201	28771.08789	0.169495514
0.621663658	18925.08789	0.722127974	28771.08789	0.166628441
0.621675226	18684.44141	0.840698004	28771.08789	0.165217712
0.621686822	18455.97852	0.932449877	28641.67969	0.164165731
0.621698391	18133.20703	1.035802007	28641.67969	0.161511201
0.621709949	17770.6582	1.1304034	28641.67969	0.159052265
0.621721546	17475.05859	1.273077965	28641.67969	0.15729684
0.621733099	17222.67773	1.37087512	28641.67969	0.155412166
0.621744699	17034.99023	1.454128265	28517.20117	0.155346667
0.621756258	16924.00195	1.558564544	28517.20117	0.154889445
0.621767815	16829.03711	1.659622669	28517.20117	0.154015281
0.621779393	16666.67383	1.777965665	28517.20117	0.153109737
0.621790974	16485.15625	1.913280368	28517.20117	0.151981292
0.621802568	16429.17969	2.034921169	28443.625	0.152020844
0.621814123	16320.49805	2.091882467	28443.625	0.151454544
0.621825704	16195.36621	2.16066289	28443.625	0.150636878
0.621837281	16040.90918	2.304546356	28443.625	0.150206002
0.62184885	16399.2793	2.385808706	28443.625	0.152594269
0.621860423	16527.14844	2.479790449	28313.10156	0.153954891
0.621872	16447.74414	2.559339523	28313.10156	0.153156406
0.621883581	16310.46973	2.62861371	28313.10156	0.152314012
0.621895136	16185.66113	2.720076561	28313.10156	0.151502202
0.621906728	16024.95313	2.803292036	28313.10156	0.150790962
0.621918279	15946.16602	2.914361954	28251.7832	0.15084743
0.62192987	15923.82129	3.005078077	28251.7832	0.150609355
0.621941438	15918.66895	3.084452868	28251.7832	0.150526705
0.621953015	15869.96191	3.163243532	28251.7832	0.150203615
0.621964586	15781.47363	3.278215647	28251.7832	0.149695442
0.621976162	15758.13672	3.390329838	28162.63281	0.150306952
0.621987728	15795.05273	3.460375309	28162.63281	0.150324171
0.621999312	15815.56641	3.542737246	28162.63281	0.150414989
0.622010902	15794.13477	3.635929346	28162.63281	0.150454479
0.622022475	15822.85742	3.669053316	28162.63281	0.151124869
0.622034037	16074.83105	3.733149529	28117.99414	0.152679568
0.622045614	16266.78125	3.814023256	28117.99414	0.15384526
0.622057167	16526.42578	3.907943964	28117.99414	0.155463057
0.622068752	16884.125	4.023971558	28117.99414	0.158354719
0.622080345	17158.61328	4.101768494	28117.99414	0.159703114
0.622091897	17318.63086	4.183921337	30362.77344	0.145690939
0.62210349	17450.96484	4.221989155	30362.77344	0.146187963
0.622115071	17554.23438	4.318235874	30362.77344	0.147027624
0.622126629	17750.46484	4.415846825	30362.77344	0.147664855
0.622138198	17811.3418	4.4664011	30362.77344	0.148064658
0.622149771	17942.85547	4.550841332	33100.71875	0.133960881
0.622161356	18020.33984	4.59107542	33100.71875	0.134292397
0.622172926	18002.80859	4.660884857	33100.71875	0.134054253
0.622184486	18038.81836	4.711939335	33100.71875	0.134341672
0.622196066	18052.7832	4.755497932	33100.71875	0.134714498
0.622207634	18163.38477	4.831637383	32860.41016	0.136091361
0.622219212	18223.51758	4.903615475	32860.41016	0.136289503
0.62223078	18208.78906	4.967630386	32860.41016	0.136183829
0.622242352	18149.44922	5.02543354	32860.41016	0.135939126
0.622253927	18259.83008	5.099944115	32860.41016	0.136611106
0.622265518	18384.52344	5.129384041	32787.05859	0.137422149
0.622277094	18427.38281	5.21295166	32787.05859	0.137767688
0.622288653	18781.66992	5.249061585	32787.05859	0.139564059
0.622300248	18780.06445	5.312812805	32787.05859	0.138890444
0.622311806	18710.07422	5.395970821	32787.05859	0.138974067
0.622323386	18694.9707	5.476577759	32748.75586	0.138936093
0.622334948	18668.29883	5.511504173	32748.75586	0.138832667
0.622346523	18623.96094	5.586101055	32748.75586	0.138577131
0.622358114	18534.76953	5.629132748	32748.75586	0.138328191
0.622369689	18564.5	5.653292656	32748.75586	0.13849276
0.622381262	18480.46094	5.726657867	32683.83594	0.138114125
0.622392824	18390.07617	5.766051292	32683.83594	0.137918128
0.622404401	18511.51953	5.816686153	32683.83594	0.138722576
0.622415983	18630.8125	5.877153397	32683.83594	0.139160572
0.622427541	18548.79883	5.910361767	32683.83594	0.138482576
0.622439113	18516.62305	5.973087788	32628.14258	0.138838176
0.622450704	18456.44727	6.026832581	32628.14258	0.138752759
0.622462265	18507.58203	6.083806515	32628.14258	0.138668262
0.622473833	18428.65039	6.143764496	32628.14258	0.138412247
0.622485429	18430.63867	6.17691803	32628.14258	0.138422514
0.622496994	18386.2168	6.232267857	32552.98047	0.138494549
0.622508563	18331.07813	6.281041145	32552.98047	0.138064525
0.622520159	18328.76172	6.28694582	32552.98047	0.138318405
0.622531712	18271.78906	6.307432652	32552.98047	0.138155887
0.622543312	18297.80273	6.370838165	32552.98047	0.13823171
0.622554854	18305.57617	6.420185566	32495.80469	0.138612159
0.622566443	18295.59766	6.481557846	32495.80469	0.138415409
0.622578022	18276.11914	6.52752018	32495.80469	0.138276459
0.622589592	18252.42969	6.547190666	32495.80469	0.138384312
0.622601174	18265.66797	6.576202393	32495.80469	0.138377817
0.622612751	18206.55469	6.617250919	32418.17578	0.138495633
0.622624305	18288.88672	6.664999485	32418.17578	0.139130669
0.622635876	18341	6.69099474	32418.17578	0.138927479
0.622647461	18262.69336	6.732133865	32418.17578	0.138665259
0.622659041	18207.67383	6.775798798	32418.17578	0.138445085
0.622670606	18173.55273	6.803013325	32312.15039	0.138709173
0.622682184	18136.89258	6.80880785	32312.15039	0.138487312
0.622693751	18121.92773	6.810689449	32312.15039	0.138686356
0.622705324	18161.33984	6.817700863	32312.15039	0.138870396
0.622716911	18124.53516	6.851118088	32312.15039	0.138708686
0.622728466	18119.15234	6.911336899	32194.72656	0.13925166
0.622740038	18157.78516	6.936942101	32194.72656	0.139432621
0.622751616	18141.61328	6.957743168	32194.72656	0.139346752
0.622763215	18122.68945	7.016475678	32194.72656	0.139231616
0.622774781	18248.99023	7.056933403	32194.72656	0.140196585
0.62278635	18536.33789	7.073356152	32047.26953	0.14256719
0.622797936	18983.52539	7.113069058	32047.26953	0.144831667
0.622809494	19526.81836	7.162859917	32047.26953	0.148180862
0.622821067	20241.87891	7.19196415	32047.26953	0.152551231
0.622832653	20775.8125	7.198998451	32047.26953	0.155583231
0.622844207	21190.87695	7.205435276	31922.96094	0.1590789
0.622855811	21434.32031	7.220619202	31922.96094	0.160963947
0.622867357	21593.42969	7.237235069	31922.96094	0.16154101
0.622878939	21771.55859	7.267415047	31922.96094	0.163508244
0.622890514	21891.59961	7.318802357	31922.96094	0.164044805
0.622902088	21986.44727	7.329106808	31729.83008	0.166255744
0.622913675	21976.49219	7.335965157	31729.83008	0.166148014
0.622925238	21989.14063	7.351594448	31729.83008	0.166460951
0.622936798	22028.12695	7.36437273	31729.83008	0.166697541
0.622948381	21983.63672	7.427383423	31729.83008	0.166129864
0.62295996	22006.29297	7.441608429	31600.39453	0.167452242
0.622971549	22022.52734	7.478233814	31600.39453	0.167945145
0.622983098	22082.50781	7.52637434	31600.39453	0.16812836
0.622994669	22047.70117	7.546746731	31600.39453	0.167981966
0.623006249	22039.77148	7.58480978	31600.39453	0.167831715
0.623017843	22011.19336	7.588594914	31431.94531	0.169203516
0.623029391	22001.04688	7.601677895	31431.94531	0.169013599
0.623040971	21961.03125	7.608194351	31431.94531	0.168810652
0.623052568	21975.32422	7.625710964	31431.94531	0.169149354
0.623064145	22052.18945	7.639141083	31431.94531	0.169124421
0.623075718	22023.9082	7.673151016	31241.20117	0.171079276
0.623087287	21953.34766	7.699995518	31241.20117	0.170318979
0.623098846	21928.0918	7.711359501	31241.20117	0.169888576
0.623110427	21973.8125	7.729611397	31241.20117	0.170219155
0.623121983	21895.85547	7.740820408	31241.20117	0.169926556
0.623133559	21915.12695	7.748351574	31116.54297	0.171104962
0.623145161	21941.45703	7.781691551	31116.54297	0.171500149
0.623156708	21879.42383	7.799457073	31116.54297	0.17074371
0.623168286	21781.89453	7.832519054	31116.54297	0.169874185
0.623179877	21784.87305	7.84488821	31116.54297	0.17046947
0.623191444	21750.92188	7.853415966	30951.99805	0.171203745
0.623203013	21712.27734	7.857089043	30951.99805	0.170822981
0.623214592	21679.94336	7.858188629	30951.99805	0.170945726
0.623226147	21628.15234	7.858557224	30951.99805	0.170463856
0.623237721	21711.10742	7.859391689	30951.99805	0.170698106
0.6232493	21617.49023	7.863482475	30818.49609	0.171376721
0.623260887	21592.22461	7.864755154	30818.49609	0.171277121
0.623272462	21546.36719	7.878012657	30818.49609	0.170828643
0.623284027	21567.73047	7.887718678	30818.49609	0.17094177
0.623295595	21497.69531	7.909362316	30818.49609	0.170503753
0.623307212	21482.05859	7.933506489	30669.4707	0.171905937
0.623318759	21560.68945	7.942914486	30669.4707	0.172500428
0.623330327	21530.15625	7.971181393	30669.4707	0.172152211
0.623341894	21485.73438	7.978480339	30669.4707	0.17165467
0.623353473	21454.77539	7.987521172	30669.4707	0.171265312
0.623365042	21431.95508	7.995798588	30528.21289	0.172525407
0.623376618	21372.05469	7.99893713	30528.21289	0.171932011
0.62338821	21373.38281	8.019095421	30528.21289	0.171971029
0.62339978	21368.59766	8.035655975	30528.21289	0.172310959
0.623411358	21377.63477	8.042432785	30528.21289	0.171792675
0.623422922	21351.8125	8.061704636	30376.2832	0.173223708
0.623434495	21368.30078	8.082434654	30376.2832	0.173514429
0.623446099	21295.80469	8.093902588	30376.2832	0.172985974
0.623457658	21088.61914	8.116092682	30376.2832	0.170371983
0.623469229	20585.66211	8.117810249	30376.2832	0.165480778
0.6234808	20309.62891	8.13386631	30271.00195	0.165315293
0.623492374	20122.94336	8.1515522	30271.00195	0.16368964
0.623503939	19898.18945	8.174559593	30271.00195	0.162157197
0.623515522	19844.17969	8.179798126	30271.00195	0.161552065
0.623527088	19782.64063	8.176178932	30271.00195	0.160994535
0.623538681	19600.66016	8.189898491	30124.39648	0.160893805
0.623550254	19432.25195	8.209009171	30124.39648	0.159331311
0.623561819	19201.04297	8.204741478	30124.39648	0.157986286
0.623573383	18883.31445	8.209754944	30124.39648	0.155863553
