Day fraction since midnight on 	Accumulator Pressure (Pa)	DO probe (mg/L)	Source Pressure (Pa)	air valve control ()
0.598990057	26900.83203	8.722725868	32847.71875	0.420948425
0.599001626	26937.57422	8.722779274	32847.71875	0.422197627
0.599013191	26916.88281	8.72439003	32847.71875	0.421637126
0.599024765	26922.62305	8.723303795	32847.71875	0.421545859
0.599036362	26933.78906	8.723155975	32847.71875	0.421160317
0.599047917	26898.65625	8.732117653	32849.89063	0.420167144
0.599059502	26869.18555	8.718250275	32849.89063	0.418944634
0.599071079	26937.52539	8.723521233	32849.89063	0.422480038
0.599082651	26912.53711	8.735537529	32849.89063	0.421470461
0.599094214	26906.78516	8.725569725	32849.89063	0.421410883
0.599105797	26929.44531	8.723459244	32862.08203	0.420247997
0.59911737	26892.38281	8.720133781	32862.08203	0.41864727
Na2so4 in				
0.599128945	26883.55469	8.707064629	32862.08203	0.419935125
0.599140503	26896.06055	8.694189072	32862.08203	0.419819603
0.599152092	26900.91016	8.679309845	32862.08203	0.419724505
0.59916365	26917.97266	8.66444397	32883.50781	0.419193053
0.599175267	26901.24414	8.654310226	32883.50781	0.419273015
0.599186809	26922.3125	8.647083283	32883.50781	0.419630742
0.599198402	26895.22656	8.644006729	32883.50781	0.418839212
0.599209945	26915.31445	8.641593933	32883.50781	0.420694549
0.599221537	26906.44141	8.631795883	32908.77734	0.41898885
0.599233126	26917.92188	8.608567238	32908.77734	0.418581486
0.599244678	26909.73828	8.571149826	32908.77734	0.417415591
0.599256253	26925.16797	8.535726547	32908.77734	0.419459456
0.59926784	26876.39844	8.517141342	32908.77734	0.417362621
0.599279402	26919.64258	8.508776665	32917.33984	0.419297958
0.599290982	26879.79492	8.493188858	32917.33984	0.417264283
0.599302559	26929.01758	8.452377319	32917.33984	0.41903707
0.599314135	26884.82031	8.403550148	32917.33984	0.417220528
0.599325707	26889.29492	8.382759094	32917.33984	0.418166146
0.599337262	26898.69531	8.370857239	32914.33984	0.417726643
0.59934884	26919.55859	8.336833	32914.33984	0.418670142
0.599360425	26909.53125	8.285869598	32914.33984	0.418732224
0.599371997	26883.7793	8.242406845	32914.33984	0.417061075
0.59938356	26923.97656	8.194406509	32914.33984	0.420020097
0.599395143	26881.58984	8.141717911	32958.06641	0.415661202
0.599406715	26928.25195	8.122065544	32958.06641	0.416726492
0.599418308	26915.8457	8.117258072	32958.06641	0.416830943
0.599429876	26932.8125	8.106611252	32958.06641	0.417633183
0.599441437	26893.85742	8.06582737	32958.06641	0.416805578
0.59945302	26879.77539	8.015443802	32978.86719	0.415220689
0.599464589	26896.51953	7.98761797	32978.86719	0.416273624
0.59947615	26899.62891	7.968665123	32978.86719	0.415506496
0.599487746	26890.09961	7.924112797	32978.86719	0.415834077
0.599499318	26916.26172	7.885166645	32978.86719	0.416705026
0.599510891	26910.7168	7.84982872	32987.86328	0.415654605
0.599522467	26904.41992	7.811643124	32987.86328	0.415023311
0.599534038	26894.51367	7.759553433	32987.86328	0.415498504
0.599545602	26906.88086	7.731978893	32987.86328	0.41507274
0.599557185	26899.16211	7.715572357	32987.86328	0.416078169
0.599568758	26906.45117	7.680055618	32991.9375	0.416072234
0.599580334	26909.74414	7.625222206	32991.9375	0.416389899
0.599591909	26945.73828	7.603294373	32991.9375	0.41621651
0.599603461	26893.50586	7.593874931	32991.9375	0.415335032
0.599615043	26902.52148	7.590098381	32991.9375	0.414649325
0.599626623	26887.98047	7.567826271	33051.66406	0.41219891
0.599638198	26913.13281	7.525940418	33051.66406	0.413682966
0.59964977	26900.05664	7.499201775	33051.66406	0.413119277
0.599661337	26884.58203	7.444532394	33051.66406	0.412978295
0.599672927	26906.42969	7.44430542	33051.66406	0.413324591
0.599684503	26863.91602	7.403502941	33041.76563	0.412685557
0.599696067	26920.89648	7.351688862	33041.76563	0.414585697
0.599707633	26884.18359	7.332998276	33041.76563	0.413171707
0.59971921	26932.9082	7.318626881	33041.76563	0.414760944
0.599730798	26916.28125	7.267685413	33041.76563	0.413123275
0.599742384	26865.99805	7.204891682	33059.01172	0.41287392
0.599753939	26880.28125	7.138750076	33059.01172	0.412478018
0.599765518	26910.20117	7.07720232	33059.01172	0.412787868
0.599777078	26923.54297	7.063127995	33059.01172	0.413119935
0.599788658	26875.47266	7.01052475	33059.01172	0.412620902
0.599800248	26887.95313	6.953166962	33070.08984	0.412579658
0.599811809	26907.60742	6.93649435	33070.08984	0.413865319
0.599823392	26885.4082	6.91500473	33070.08984	0.41152289
0.599834963	26915.40234	6.863339901	33070.08984	0.413414482
0.59984654	26904.25391	6.825448036	33070.08984	0.411971038
0.599858111	26904.8125	6.780798435	33098.40625	0.411915324
0.599869675	26911.54102	6.72506237	33098.40625	0.412835036
0.599881252	26930.75195	6.744476318	33098.40625	0.412247423
0.599892826	26906.31641	6.624552727	33098.40625	0.41198853
0.599904406	26910.16797	6.622013569	33098.40625	0.411414809
0.599915996	26903.85156	6.571498394	33081.5	0.412354611
0.599927552	26917.04102	6.544841766	33081.5	0.412089387
0.599939137	26909.83789	6.542212486	33081.5	0.412830324
0.599950691	26907.67773	6.500153065	33081.5	0.412437407
0.599962266	26903.75391	6.472819805	33081.5	0.413274298
0.599973847	26890.71875	6.415759087	33109.54688	0.41032915
0.599985407	26915.99805	6.400654316	33109.54688	0.411507584
0.599997	26902.56641	6.361729622	33109.54688	0.41140241
0.600008562	26934.66211	6.310565472	33109.54688	0.411452332
0.600020152	26892.75781	6.285582542	33109.54688	0.410570216
0.600031718	26908.50977	6.274991989	33124.08984	0.410933335
0.600043287	26885.91406	6.238582134	33124.08984	0.410638356
0.600054854	26870.89844	6.200359821	33124.08984	0.409534604
0.600066434	26908.09766	6.160403252	33124.08984	0.411653787
0.60007801	26867.83984	6.129941464	33124.08984	0.410298279
0.600089595	26910.68359	6.094240665	33151.49609	0.409362041
0.600101172	26892.15039	6.053007603	33151.49609	0.409031546
0.600112733	26923.10352	6.026248455	33151.49609	0.409770567
0.600124323	26904.18555	6.018952847	33151.49609	0.409115505
0.600135884	26921.32227	6.014965057	33151.49609	0.41124653
0.600147457	26911.57031	6.008392334	33165.61719	0.409407012
0.600159019	26926.53711	5.967091084	33165.61719	0.411322685
0.600170623	26893.83398	5.924141884	33165.61719	0.40950686
0.600182166	26911.19727	5.895497322	33165.61719	0.409975963
0.600193745	26885.33789	5.881306171	33165.61719	0.409074379
0.600205324	26920.07031	5.858325005	33184.28125	0.409729664
0.600216901	26908.49219	5.813911915	33184.28125	0.409134027
0.600228474	26893.16406	5.795372963	33184.28125	0.408295314
0.600240034	26870.4375	5.762478828	33184.28125	0.408342254
0.600251631	26918.42773	5.746076584	33184.28125	0.40970894
0.600263189	26893.10742	5.719332695	33192.66797	0.408615466
0.600274761	26900.05664	5.678770542	33192.66797	0.408824626
0.600286342	26905.50195	5.642059326	33192.66797	0.408663514
0.600297921	26902.02539	5.624607563	33192.66797	0.407766141
0.600309511	26898.24414	5.60483408	33192.66797	0.409176471
0.60032107	26893.95703	5.561741352	33204.63281	0.408078943
0.600332634	26892.3125	5.519501686	33204.63281	0.407878393
0.600344206	26897.50781	5.499424934	33204.63281	0.407076177
0.600355805	26912.83594	5.502779007	33204.63281	0.409868886
0.600367376	26913.29883	5.461927891	33204.63281	0.408297833
0.600378925	26900.46875	5.439114571	33217.89844	0.408200843
0.600390513	26873.44727	5.42331171	33217.89844	0.407209599
0.600402074	26879.49023	5.387107372	33217.89844	0.407153313
0.600413654	26874.24023	5.369202614	33217.89844	0.406809933
0.600425239	26870.01563	5.361179829	33217.89844	0.407133474
0.600436794	26880.27539	5.357035637	33265.28906	0.405077096
0.60044839	26877.35547	5.342899323	33265.28906	0.405500805
0.600459966	26880.59375	5.313151836	33265.28906	0.40603159
0.600471517	26894.37305	5.275032044	33265.28906	0.40610893
0.600483115	26887.64258	5.247196674	33265.28906	0.405291073
0.60049467	26896.07227	5.23463726	33263.13672	0.406093479
0.600506258	26884.1543	5.227611065	33263.13672	0.405692387
0.60051783	26898.75	5.212946892	33263.13672	0.406257826
0.600529396	26890.65234	5.198765755	33263.13672	0.404589216
0.600540969	26872.21484	5.133056164	33263.13672	0.405485013
0.600552552	26852.8125	5.106937885	33284.29297	0.403854531
0.600564129	26877.66602	5.074147224	33284.29297	0.404747298
0.600575684	26852.81641	5.039233685	33284.29297	0.40344333
0.600587287	26844.29688	4.999380589	33284.29297	0.403439221
0.600598852	26858.50586	4.979491234	33284.29297	0.404560002
0.600610409	26886.69727	4.971182823	33314.96875	0.405072278
0.600621982	26844.50977	4.964205742	33314.96875	0.403284155
0.600633583	26867.79492	4.94819355	33314.96875	0.404069523
0.600645146	26874.69336	4.912146568	33314.96875	0.404305202
0.600656729	26889.04102	4.87689209	33314.96875	0.404337946
0.600668281	26867.81445	4.853060722	33311.94922	0.403828991
0.600679865	26871.62109	4.841229439	33311.94922	0.40361511
0.600691438	26839.46094	4.837398529	33311.94922	0.402327886
0.600703014	26849.25	4.83267498	33311.94922	0.403384968
0.600714596	26896.50977	4.821255207	33311.94922	0.403774398
0.600726163	26887.58008	4.800041676	33348.99609	0.403582136
0.600737734	26878.57422	4.767081738	33348.99609	0.403102267
0.600749314	26875.08789	4.734792233	33348.99609	0.402955742
0.600760877	26880.45117	4.710388184	33348.99609	0.402858546
0.60077245	26853.47461	4.69431448	33348.99609	0.402843956
0.600784016	26899.17383	4.666195869	33340.60938	0.403357708
0.600795602	26826.44336	4.638073921	33340.60938	0.401670341
0.600807174	26852.05859	4.60783577	33340.60938	0.402626296
0.600818757	26823.81641	4.58813858	33340.60938	0.401221233
0.600830315	26839.18164	4.57718277	33340.60938	0.401432832
0.600841901	26834.48242	4.569266319	33347.92969	0.401930832
0.600853469	26829.47852	4.549419403	33347.92969	0.400901259
0.600865063	26872.99609	4.521144867	33347.92969	0.403173986
0.60087663	26866.51758	4.485341072	33347.92969	0.401948854
0.600888203	26856.92773	4.459423542	33347.92969	0.402318629
0.60089978	26882.82031	4.447656632	33356.9375	0.402967254
0.600911336	26902.50195	4.443356991	33356.9375	0.403720695
0.600922938	26867.26172	4.440415382	33356.9375	0.400819237
0.600934494	26870.77734	4.429140568	33356.9375	0.402647113
0.600946056	26881.17188	4.410858631	33356.9375	0.401593914
0.600957632	26858.83594	4.378911972	33327.78516	0.403035113
0.600969212	26844.84766	4.350879669	33327.78516	0.403125768
0.600980793	26846.79297	4.329320431	33327.78516	0.402521429
0.600992359	26849.97461	4.317399025	33327.78516	0.402910699
0.601003929	26833.79492	4.312526226	33327.78516	0.401147081
0.6010155	26873.50586	4.305609226	33322.01953	0.403372904
0.601027076	26853.64648	4.297451019	33322.01953	0.403292909
0.601038654	26869.58789	4.273283958	33322.01953	0.403851636
0.601050238	26889.65234	4.241620064	33322.01953	0.404027981
0.601061809	26870.55078	4.213502884	33322.01953	0.402809468
0.601073383	26882.98047	4.193254948	33335.49219	0.403101526
0.601084955	26846.14063	4.183786869	33335.49219	0.402392323
0.601096552	26907.36523	4.177653313	33335.49219	0.40404222
0.601108099	26912.80664	4.169471264	33335.49219	0.404934545
0.601119667	26891.45703	4.152023315	33335.49219	0.403571678
0.601131254	26880.33984	4.125300884	33305.06641	0.403662728
0.60114283	26877.23242	4.093233585	33305.06641	0.404972081
0.601154426	26838.71875	4.067468643	33305.06641	0.403584474
0.601165991	26859.32422	4.049901962	33305.06641	0.40324106
0.601177569	26863.53711	4.029126644	33305.06641	0.402394424
0.601189127	26871.65039	4.002370834	33326.48047	0.403628523
0.601200707	26860.59766	3.968091965	33326.48047	0.402459914
0.601212279	26860.65039	3.942587614	33326.48047	0.402373033
0.601223868	26861.79102	3.927139998	33326.48047	0.403169554
0.601235448	26875.44727	3.921632767	33326.48047	0.402785144
0.601246981	26875.98828	3.91942811	33311.09375	0.4044009
0.601258587	26885.11523	3.918955565	33311.09375	0.404065964
0.60127013	26865.67383	3.915704012	33311.09375	0.40427603
0.601281723	26873.12305	3.912409544	33311.09375	0.40464583
0.601293304	26859.72266	3.895246029	33311.09375	0.403462454
0.601304851	26884.62109	3.869081259	33283.23438	0.405578521
0.601316427	26897.74023	3.834965468	33283.23438	0.406184483
0.601328004	26847.24023	3.795226574	33283.23438	0.403887406
0.601339591	26847.87891	3.792752266	33283.23438	0.404176523
0.601351191	26877.11914	3.785150051	33283.23438	0.405441482
0.601362741	26863.70508	3.77531457	33311.55469	0.40332224
0.601374308	26863.1582	3.737349272	33311.55469	0.402778864
0.601385878	26868.35156	3.742451906	33311.55469	0.403447688
0.601397466	26918.38086	3.731477737	33311.55469	0.405264838
0.60140902	26887.15625	3.665693283	33311.55469	0.403435477
0.601420602	26883.21289	3.65562892	33271.44141	0.406200035
0.601432168	26918.42969	3.647985935	33271.44141	0.406255634
0.601443758	26908.51172	3.643572092	33271.44141	0.407698153
0.601455348	26894.77148	3.621513367	33271.44141	0.405064113
0.601466915	26861.48633	3.593744755	33271.44141	0.40411324
0.601478475	26907.69922	3.569623232	33262.23828	0.407006632
0.601490071	26845.52734	3.54634881	33262.23828	0.404646115
0.601501624	26896.91211	3.533971071	33262.23828	0.405381929
0.601513205	26888.81641	3.525258541	33262.23828	0.406874288
0.601524768	26871.70898	3.51639986	33262.23828	0.405305383
0.601536337	26888.06641	3.501008272	33253.4375	0.405911738
0.60154792	26882.38281	3.47287178	33253.4375	0.406439514
0.601559493	26870.9707	3.449573994	33253.4375	0.405585474
0.601571084	26866.4707	3.427223921	33253.4375	0.406175269
0.601582653	26860.50977	3.407957315	33253.4375	0.405297882
0.601594225	26869.20313	3.399033546	33215.80078	0.406576
0.601605794	26861.53516	3.39494586	33215.80078	0.406007344
0.601617373	26890.94922	3.393740892	33215.80078	0.407331811
0.601628937	26881.53711	3.392587423	33215.80078	0.407114931
0.601640516	26900.80664	3.3900702	33215.80078	0.407383695
0.601652107	26859.78516	3.37477231	33202.6875	0.406958271
0.601663667	26868.68555	3.344867468	33202.6875	0.406909738
0.601675227	26851.53516	3.330420971	33202.6875	0.406979854
0.601686821	26873.45313	3.29633379	33202.6875	0.406800148
0.601698388	26879.05273	3.281288624	33202.6875	0.40736208
0.601709963	26899.07617	3.271613121	33169.26953	0.409192155
0.601721531	26882.43555	3.263480663	33169.26953	0.409038013
0.601733101	26893.27734	3.255474806	33169.26953	0.408360836
0.601744687	26853.73828	3.242512226	33169.26953	0.408594241
0.60175626	26878.26367	3.221226454	33169.26953	0.408964392
0.601767816	26912.33984	3.195724964	33182.34766	0.409633272
0.60177941	26875.1582	3.170888186	33182.34766	0.40808064
0.601790984	26905.05078	3.152634144	33182.34766	0.409331636
0.601802555	26921.39844	3.140181303	33182.34766	0.409275323
0.601814122	26879.87305	3.133370638	33182.34766	0.408189497
0.601825692	26862.85742	3.130541325	33123.48047	0.409556303
0.601837263	26855.0625	3.122732878	33123.48047	0.409804918
0.601848849	26902.0918	3.121048212	33123.48047	0.410295409
0.601860437	26861.78516	3.07047224	33123.48047	0.409966713
0.601871981	26896.25195	3.080140352	33123.48047	0.411009554
0.60188356	26854.94727	3.028132439	33132.81641	0.40971296
0.601895129	26888.90625	2.990170479	33132.81641	0.410529756
0.601906735	26885.9043	3.01604557	33132.81641	0.410176972
0.601918291	26860.52539	2.943963051	33132.81641	0.409704226
0.601929872	26865.66211	2.967298269	33132.81641	0.408496632
0.601941439	26850.76953	2.939367056	33086.39453	0.410145209
0.601953012	26873.98438	2.922914982	33086.39453	0.411246043
0.601964573	26876.85156	2.901327848	33086.39453	0.412218984
0.601976167	26894.01172	2.876209498	33086.39453	0.413050951
0.601987743	26899.48438	2.870288849	33086.39453	0.411989038
0.601999302	26864.86719	2.86771822	33057.24219	0.412291202
0.602010885	26864.04492	2.859645128	33057.24219	0.412152801
0.602022467	26868.26953	2.860529184	33057.24219	0.412852248
0.60203405	26875.96484	2.837299109	33057.24219	0.412212198
0.602045626	26867.42578	2.815356731	33057.24219	0.411189275
0.602057183	26897.79102	2.805414438	33046.14844	0.41353262
0.602068761	26869.08789	2.775848866	33046.14844	0.41322299
0.602080327	26852.51563	2.757673264	33046.14844	0.41250466
0.60209191	26853.74414	2.745469332	33046.14844	0.412445011
0.602103483	26899.64648	2.74032712	33046.14844	0.413424158
0.60211504	26866.14648	2.737603188	33023.19141	0.412309402
0.602126633	26834.57227	2.734878302	33023.19141	0.410889013
0.602138187	26867.36133	2.725274324	33023.19141	0.41314707
0.602149769	26881.13086	2.7243402	33023.19141	0.414924474
0.602161353	26892.67969	2.701155901	33023.19141	0.413936227
0.602172928	26887.94336	2.675434113	33000.45313	0.414242325
0.6021845	26894.01953	2.658459187	33000.45313	0.415349905
0.602196063	26870.01953	2.636679888	33000.45313	0.414490628
0.602207643	26899.50781	2.617355347	33000.45313	0.414239875
0.602219218	26894.36328	2.60192585	33000.45313	0.415203169
0.602230789	26895.74414	2.59054637	32951.83984	0.415993489
0.60224237	26852.8125	2.572896957	32951.83984	0.416568962
0.602253929	26868.27734	2.554349899	32951.83984	0.415264818
0.602265531	26887.63281	2.531182528	32951.83984	0.41598846
0.602277095	26888.4043	2.507712126	32951.83984	0.415930026
0.602288658	26874.74609	2.490273953	32949.71094	0.41692218
0.602300235	26888.38086	2.482094288	32949.71094	0.417182373
0.602311823	26856.7207	2.476684332	32949.71094	0.415213897
0.602323375	26895.91992	2.471846104	32949.71094	0.417582297
0.602334966	26900.91992	2.463338852	32949.71094	0.417505137
0.60234653	26865.36133	2.448695421	32941.98047	0.415530994
0.60235811	26868.64258	2.433659077	32941.98047	0.41600089
0.602369693	26871.70117	2.413090468	32941.98047	0.416264851
0.602381239	26857.2832	2.38892293	32941.98047	0.415172898
0.602392827	26878.62891	2.369927406	32941.98047	0.416136074
0.602404393	26864.08398	2.358776569	32912	0.417331645
0.602415969	26883.67188	2.350453615	32912	0.417482728
0.602427553	26893.94727	2.346465111	32912	0.418031279
0.602439132	26884.49219	2.343055964	32912	0.416877439
0.602450692	26864.12891	2.339288473	32912	0.417012816
0.602462282	26881.17773	2.329905748	32909.44922	0.417433987
0.602473863	26892.22461	2.31929183	32909.44922	0.418060532
0.602485439	26886.125	2.299479485	32909.44922	0.417978684
0.602497	26876.38086	2.276563168	32909.44922	0.416247638
0.602508556	26861.41992	2.253701925	32909.44922	0.417327592
0.602520142	26871.69922	2.237236261	32905.55078	0.417267741
0.602531731	26901.29102	2.227261066	32905.55078	0.417427058
0.602543276	26867.96289	2.218089581	32905.55078	0.418311062
0.602554882	26897.38086	2.214844227	32905.55078	0.417993839
0.60256644	26870.42383	2.207918406	32905.55078	0.417513323
0.602578026	26851.5293	2.2112782	32896.33984	0.416815798
0.602589593	26863.16211	2.208764315	32896.33984	0.418063455
0.602601153	26899.97656	2.198903799	32896.33984	0.420021328
0.602612728	26888.35156	2.196739435	32896.33984	0.418092956
0.602624317	26877.79688	2.178896904	32896.33984	0.417711261
0.602635892	26888.77148	2.153838158	32883.75781	0.418143511
0.602647457	26899.60352	2.134202004	32883.75781	0.418804886
0.602659019	26917.03906	2.113176584	32883.75781	0.42071314
0.602670612	26897.37695	2.098112822	32883.75781	0.419914477
0.602682174	26876.99609	2.089133263	32883.75781	0.418101669
0.602693757	26884.53906	2.084741592	32843.20703	0.420725919
0.602705317	26872.66016	2.080284596	32843.20703	0.419697957
0.602716902	26912.28516	2.07771039	32843.20703	0.421561674
0.602728481	26879.82617	2.069898129	32843.20703	0.420405656
0.602740059	26884.53711	2.061971188	32843.20703	0.420290829
0.602751623	26878.13867	2.047044992	32860.61328	0.418498947
0.602763189	26887.61719	2.030101299	32860.61328	0.419186195
0.602774781	26852.56641	2.007860422	32860.61328	0.41788789
0.602786343	26878.15234	1.990897775	32860.61328	0.419546507
0.602797911	26913.23047	1.975056529	32860.61328	0.420838829
0.602809492	26883.29102	1.95488286	32826.99219	0.42132213
0.602821056	26882.4043	1.946495175	32826.99219	0.420455647
0.602832643	26881.97852	1.931817412	32826.99219	0.421255777
0.602844211	26878.61914	1.913904429	32826.99219	0.42018343
0.602855792	26863.97461	1.892375708	32826.99219	0.420552311
0.602867351	26915.74219	1.883695126	32803.62891	0.423221442
0.602878938	26855.94531	1.852074266	32803.62891	0.421006592
0.602890504	26875.58789	1.841804028	32803.62891	0.422558237
0.602902075	26858.16211	1.830743671	32803.62891	0.42101106
0.602913663	26875.61328	1.825298548	32803.62891	0.421488397
0.602925228	26865.29297	1.820845485	32789.67188	0.42133933
0.602936813	26886.36719	1.820005775	32789.67188	0.422508162
0.602948374	26892.23438	1.818748474	32789.67188	0.422110181
0.60295996	26857.11719	1.818276882	32789.67188	0.421696282
0.602971522	26865.9668	1.816015482	32789.67188	0.420927628
0.602983122	26824.91016	1.814407468	32772.10938	0.421387568
0.602994688	26893.52539	1.807478905	32772.10938	0.423299827
0.603006243	26856.64453	1.798551321	32772.10938	0.421446555
0.603017833	26881.58398	1.784166455	32772.10938	0.422874344
0.603029411	26838.69922	1.767074943	32772.10938	0.420479119
0.603040984	26874.35352	1.748302579	32788.23828	0.422020947
0.603052544	26864.46094	1.72696352	32788.23828	0.420500382
0.603064141	26859.0332	1.714351893	32788.23828	0.421095694
0.603075704	26862.20313	1.708799958	32788.23828	0.420717688
0.603087275	26881.67383	1.695713639	32788.23828	0.422526007
0.603098834	26879.08594	1.691736102	32767.42578	0.42263177
0.603110411	26855.83008	1.685604334	32767.42578	0.422218821
0.603121985	26879.83398	1.680361152	32767.42578	0.422898638
0.603133585	26878.07227	1.672167778	32767.42578	0.422476811
0.603145142	26873.39844	1.666201711	32767.42578	0.422417379
0.603156735	26847.42188	1.647528768	32753.23828	0.422371461
0.603168292	26849.75781	1.629708886	32753.23828	0.422078983
0.603179857	26850.41992	1.611858964	32753.23828	0.421480012
0.603191457	26892.50977	1.596429348	32753.23828	0.424299832
0.603203016	26863.41406	1.579296112	32753.23828	0.423150562
0.603214594	26887.89648	1.567988396	32751.99805	0.423796626
0.603226153	26882.88867	1.559898973	32751.99805	0.423527347
0.603237756	26886.69727	1.5510391	32751.99805	0.423025391
0.603249311	26878.4375	1.543735027	32751.99805	0.423529553
0.603260887	26876.34375	1.533563733	32751.99805	0.423765691
0.603272459	26887.01758	1.52004981	32736.63477	0.424139592
0.603284021	26902.75195	1.504067659	32736.63477	0.42457821
0.603295592	26879.41406	1.491220474	32736.63477	0.424790326
0.603307167	26836.79492	1.47282505	32736.63477	0.422908846
0.603318765	26881.24414	1.459916711	32736.63477	0.425023461
0.603330336	26864.07422	1.447589994	32746.41992	0.422596471
0.603341923	26850.23438	1.438171148	32746.41992	0.422468795
0.603353463	26854.57422	1.43281579	32746.41992	0.423013377
0.603365046	26826.47461	1.427725196	32746.41992	0.421105565
0.603376629	26857.1582	1.4231112	32746.41992	0.422474266
0.603388212	26857.01758	1.420637965	32730.34961	0.422995365
0.603399784	26876.01953	1.409679294	32730.34961	0.423859452
0.603411337	26854.09766	1.41182518	32730.34961	0.423378394
0.603422917	26889.27148	1.39464438	32730.34961	0.425366743
0.603434488	26859.85352	1.382460713	32730.34961	0.422640175
0.603446056	26895.35352	1.367999077	32711.27148	0.425311806
0.603457631	26888.36133	1.356519461	32711.27148	0.424740461
0.603469236	26843.75391	1.338079691	32711.27148	0.424087883
0.603480778	26854.27148	1.327193499	32711.27148	0.423180218
0.603492356	26883.63672	1.315906286	32711.27148	0.426201468
0.603503956	26869.62109	1.310002685	32713.1582	0.424147596
0.603515503	26867.99219	1.302449584	32713.1582	0.423506359
0.60352709	26848.16406	1.298367739	32713.1582	0.422885599
0.60353867	26886.23633	1.295640111	32713.1582	0.426487739
0.603550235	26849.59766	1.293541551	32713.1582	0.423213259
0.603561829	26858.07422	1.291811824	32713.83008	0.423579284
0.603573404	26893.87695	1.286609173	32713.83008	0.425428958
0.603584943	26888.89648	1.284528136	32713.83008	0.424877363
0.603596524	26855.4668	1.279020071	32713.83008	0.423648852
0.60360812	26869.11523	1.269040108	32713.83008	0.423751165
0.603619684	26871.40039	1.259442926	32693.43164	0.424545556
0.603631273	26883.27344	1.25090611	32693.43164	0.426105738
0.603642817	26829.98828	1.23764658	32693.43164	0.423066063
0.603654398	26888.8125	1.225106001	32693.43164	0.425914091
0.603665976	26860.06445	1.21135211	32693.43164	0.425038249
0.603677547	26873.5625	1.197871327	32701.64063	0.424686148
0.603689129	26861.85938	1.187348008	32701.64063	0.423911465
0.603700703	26873.96094	1.17794323	32701.64063	0.425243547
0.60371228	26841.67383	1.171252132	32701.64063	0.423995919
0.603723852	26853.72656	1.168519735	32701.64063	0.424189697
0.60373541	26860.59375	1.165741444	32691.33789	0.425018938
0.603746998	26870.0625	1.163696408	32691.33789	0.426210896
0.603758561	26884.11133	1.163225412	32691.33789	0.425967414
0.603770141	26831.47266	1.162176609	32691.33789	0.424056768
0.603781721	26856.27344	1.159711599	32691.33789	0.425225658
0.603793278	26843.55859	1.157984614	32681.93359	0.423965034
0.603804874	26855.96094	1.154630542	32681.93359	0.424680279
0.603816424	26857.25391	1.147875667	32681.93359	0.424491735
0.603828005	26838.33984	1.141625047	32681.93359	0.425059678
0.603839576	26867.11523	1.128925562	32681.93359	0.425103362
0.603851149	26864.18945	1.118312955	32674.20117	0.424671412
0.603862729	26872.94727	1.106557846	32674.20117	0.424954818
0.603874308	26829.86133	1.091689467	32674.20117	0.423836219
0.603885898	26875.97461	1.069445133	32674.20117	0.426921137
0.603897469	26838.05859	1.067866683	32674.20117	0.424414517
0.603909031	26856.32227	1.062038779	32663.06641	0.425156681
0.603920613	26846.39258	1.051147819	32663.06641	0.425573969
0.603932185	26847.04297	1.044302225	32663.06641	0.425881706
0.603943763	26845.39258	1.038668156	32663.06641	0.424675979
0.603955348	26860.93164	1.035668612	32663.06641	0.426356592
0.603966888	26861.41016	1.032887697	32688.87695	0.424950377
0.603978503	26804.20508	1.030528903	32688.87695	0.422219537
0.603990042	26847.7207	1.025964618	32688.87695	0.424646039
0.60400163	26850.3418	1.016164899	32688.87695	0.423957535
0.604013201	26854.71875	1.01775372	32688.87695	0.425014153
0.604024765	26875.625	1.016327262	32672.5332	0.425364882
0.604036354	26806.21094	1.009925723	32672.5332	0.42387054
0.604047912	26836.56445	0.999153614	32672.5332	0.423625964
0.604059502	26840.55859	0.988869667	32672.5332	0.425376611
0.604071086	26867.32813	0.975732327	32672.5332	0.426149535
0.604082642	26829.18359	0.959776998	32684.10156	0.4248326
0.604094211	26858.17578	0.948325515	32684.10156	0.425896375
0.604105811	26847.21289	0.934951723	32684.10156	0.42450196
0.604117352	26876.01758	0.92284435	32684.10156	0.426206643
0.604128938	26870	0.914151788	32684.10156	0.426364501
0.604140509	26821.79492	0.907171488	32650.84375	0.425036133
0.60415208	26864.09766	0.89879328	32650.84375	0.426542297
0.604163668	26850.30078	0.892920435	32650.84375	0.426975701
0.604175225	26839.23438	0.884480655	32650.84375	0.425124034
0.604186795	26848.28906	0.871712327	32650.84375	0.425919225
0.604198388	26830.25781	0.86378789	32646.97852	0.425975272
0.604209963	26852.80273	0.854090333	32646.97852	0.42551678
0.604221533	26830.75195	0.838606954	32646.97852	0.425221958
0.604233118	26829.12695	0.826801956	32646.97852	0.425145494
0.604244667	26825.51172	0.816854298	32646.97852	0.424891803
0.604256247	26867.45313	0.803800643	32635.84961	0.427047027
0.604267846	26848.96875	0.795066655	32635.84961	0.427601431
0.60427942	26855.17773	0.787161052	32635.84961	0.427316661
0.604290996	26878.03125	0.782002568	32635.84961	0.428215193
0.604302541	26843.24805	0.776060462	32635.84961	0.425913952
0.604314141	26829.77734	0.773657084	32652.61719	0.425519014
0.604325707	26833.21875	0.772031903	32652.61719	0.425944868
0.604337281	26834.05273	0.771036506	32652.61719	0.424019996
0.604348852	26823.46875	0.768991172	32652.61719	0.424992947
0.604360411	26813.98242	0.766789675	32652.61719	0.424509251
0.604371996	26818.56445	0.765265048	32653.63672	0.423613848
0.604383572	26840.45703	0.762486339	32653.63672	0.424814392
0.60439513	26843.09375	0.757507622	32653.63672	0.424944803
0.604406713	26842.14258	0.752938807	32653.63672	0.424237761
0.604418288	26803.73047	0.743401408	32653.63672	0.423836481
0.604429867	26858.72266	0.735848904	32629.4375	0.428523726
0.604441455	26821.69727	0.728839338	32629.4375	0.426139301
0.604453006	26846.62109	0.715410948	32629.4375	0.426207251
0.6044646	26845.72461	0.704437554	32629.4375	0.426838573
0.604476152	26869.49219	0.695201337	32629.4375	0.428055708
0.604487736	26837.56445	0.68490988	32621.96094	0.427324795
0.604499324	26851.9707	0.674140275	32621.96094	0.42704338
0.604510886	26844.73242	0.668736696	32621.96094	0.427042673
0.604522452	26830.70313	0.660280526	32621.96094	0.424873883
0.604534051	26815.51172	0.654532135	32621.96094	0.425771188
0.604545619	26807.60742	0.649525821	32632.23047	0.424487765
0.604557172	26851.94727	0.646915197	32632.23047	0.427391947
0.604568756	26867.41797	0.643814206	32632.23047	0.427230643
0.604580324	26879.85742	0.641662478	32632.23047	0.427554928
0.60459192	26846.97852	0.640508533	32632.23047	0.426550768
0.604603471	26841.33398	0.638675213	32637.15039	0.426293108
0.604615055	26844.72656	0.638832688	32637.15039	0.426224971
0.60462661	26875.49805	0.63725847	32637.15039	0.427054375
0.604638192	26835.4707	0.636788607	32637.15039	0.42562773
0.604649759	26848.30273	0.63584584	32637.15039	0.426184527
0.60466135	26834.05469	0.634009004	32611.63672	0.42739763
0.604672909	26866.96875	0.631804764	32611.63672	0.42805326
0.604684486	26827.50586	0.627390802	32611.63672	0.426528196
0.604696067	26855.38086	0.625616431	32611.63672	0.428836737
0.604707649	26857.67578	0.620543003	32611.63672	0.427125136
0.604719208	26881.55469	0.61329174	32633.71484	0.42756059
0.604730777	26844.42188	0.609014094	32633.71484	0.425523364
0.604742359	26829.82813	0.597485781	32633.71484	0.425897033
0.604753941	26816.85156	0.587153614	32633.71484	0.426754746
0.604765499	26817.31055	0.581667125	32633.71484	0.425522037
0.604777093	26833.6875	0.570263207	32628.13672	0.425999799
0.604788651	26819.54102	0.561191678	32628.13672	0.42596496
0.604800221	26835.43359	0.553938091	32628.13672	0.426498667
0.604811815	26823.49414	0.541504443	32628.13672	0.426153698
0.604823385	26822.58008	0.532294691	32628.13672	0.42439555
0.604834966	26838.7168	0.528801501	32599.69336	0.427294727
0.604846525	26824.18555	0.52287513	32599.69336	0.426190274
0.604858107	26830.66992	0.515476465	32599.69336	0.426682814
0.604869677	26866.24219	0.512849987	32599.69336	0.428917257
0.604881259	26840.02539	0.507035971	32599.69336	0.427976891
0.604892817	26843.01758	0.504466951	32616.40625	0.427712978
0.604904411	26855.98047	0.500120878	32616.40625	0.426572161
0.604915981	26827.72852	0.495611191	32616.40625	0.425896163
0.604927539	26833.61523	0.488057435	32616.40625	0.427436522
0.604939121	26873.40039	0.484483093	32616.40625	0.428618953
0.604950703	26822.58789	0.473862439	32618.49609	0.425485139
0.604962261	26833.62109	0.468029946	32618.49609	0.426862319
0.604973843	26818.1875	0.461248189	32618.49609	0.426036156
0.604985413	26809.01953	0.453780234	32618.49609	0.425322998
0.604996983	26802.50195	0.445534349	32618.49609	0.425882259
0.605008576	26831.61719	0.435266018	32576.93555	0.428911917
0.605020146	26837.10352	0.423760206	32576.93555	0.427263013
0.605031716	26838.87695	0.416354209	32576.93555	0.428023308
0.605043298	26836.19922	0.407538325	32576.93555	0.428163113
0.60505488	26862.72266	0.401034117	32576.93555	0.429163065
0.605066439	26838.33398	0.396724761	32508.19727	0.431468548
0.60507802	26839.15039	0.390700877	32508.19727	0.431089053
0.60508959	26867.9375	0.386591941	32508.19727	0.432683276
0.60510116	26839.81445	0.382506847	32508.19727	0.430698415
0.60511273	26823.9082	0.380885541	32508.19727	0.430162203
0.605124312	26834.43555	0.378321528	32469.61719	0.432657217
0.605135871	26847.63867	0.376696497	32469.61719	0.433462598
0.605147464	26856.04883	0.374547035	32469.61719	0.433485206
0.605159022	26831.08984	0.371609151	32469.61719	0.432625195
0.605170604	26862.20703	0.36992693	32469.61719	0.432917485
0.605182186	26842.57422	0.367726058	32292.00391	0.440428377
0.605193756	26797.26367	0.365370214	32292.00391	0.439254786
0.605205314	26805.88867	0.360971779	32292.00391	0.439960005
0.605216908	26841.76172	0.355932653	32292.00391	0.438885658
0.605228478	26832.4043	0.351328939	32292.00391	0.440375614
0.605240037	26850.75586	0.344241262	32299.24219	0.439059533
0.60525161	26842.71484	0.336565435	32299.24219	0.441440731
0.605263196	26831.49219	0.33213079	32299.24219	0.439868461
0.60527477	26830.96289	0.322494894	32299.24219	0.439915325
0.605286338	26837.49414	0.31378302	32299.24219	0.439126019
0.605297938	26839.07813	0.305625886	32281.67578	0.439856997
0.605309481	26843.58398	0.297698915	32281.67578	0.439893352
0.605321066	26822.12695	0.289335936	32281.67578	0.439283497
0.605332633	26844.47266	0.281760216	32281.67578	0.44046676
0.605344206	26823.43359	0.276549935	32281.67578	0.439068356
0.605355795	26837.45898	0.269066125	32287.93359	0.44135564
0.605367358	26871.70508	0.262153089	32287.93359	0.440736532
0.605378926	26843.24023	0.260442883	32287.93359	0.440442434
0.605390526	26818.33203	0.25551492	32287.93359	0.438949146
0.605402083	26824.6875	0.253496081	32287.93359	0.439354877
0.605413654	26848.14258	0.250457913	32255.17383	0.441835547
0.605425237	26847.45117	0.248248994	32255.17383	0.441866063
0.6054368	26830.13281	0.246840179	32255.17383	0.440936004
0.605448402	26864.57227	0.245997503	32255.17383	0.442541095
0.605459955	26822.83008	0.245637536	32255.17383	0.440023162
0.60547154	26811.43555	0.245053604	32293.87109	0.439493341
0.605483124	26836.23828	0.244741097	32293.87109	0.439031857
0.60549469	26821.22852	0.244216949	32293.87109	0.439536307
0.605506242	26849.18945	0.244217143	32293.87109	0.440224671
0.605517832	26839.58789	0.24343048	32293.87109	0.438775706
0.605529407	26831.41797	0.243062392	32257.89844	0.440334958
0.605540967	26871.3125	0.241858468	32257.89844	0.442621425
0.605552543	26839.5	0.241644383	32257.89844	0.441581047
0.605564114	26821.86328	0.240500361	32257.89844	0.441103255
0.605575685	26823.96289	0.23856099	32257.89844	0.44042371
0.605587267	26845.20117	0.235984817	32220.61133	0.442642329
0.605598854	26821.65039	0.234569073	32220.61133	0.442080257
0.60561041	26830.84961	0.231874958	32220.61133	0.442812642
0.605622007	26796.74805	0.227838174	32220.61133	0.441571039
0.60563356	26806.14844	0.222596705	32220.61133	0.442302075
0.605645127	26797.04492	0.2221165	32226.96484	0.440831771
0.605656715	26819.94336	0.215430632	32226.96484	0.441370659
0.6056683	26794.16797	0.210579768	32226.96484	0.44086494
0.605679864	26781.09375	0.203072891	32226.96484	0.439917255
0.60569143	26824.80469	0.192977816	32226.96484	0.441040782
0.605703021	26785.5625	0.186336249	32197.01172	0.442183696
0.605714596	26776.33203	0.181925684	32197.01172	0.44007102
0.605726148	26760.66992	0.172664121	32197.01172	0.439330216
0.605737729	26808.82422	0.190890461	32197.01172	0.441724834
0.605749306	26769.39258	0.142720833	32197.01172	0.441427824
0.605760898	26777.81641	0.165208578	32137.27148	0.443893664
0.605772466	26778.32227	0.15386188	32137.27148	0.442334664
0.605784027	26759.18359	0.147425637	32137.27148	0.443079444
0.605795594	26760.82422	0.14062053	32137.27148	0.443514207
0.605807175	26770.20898	0.135480419	32137.27148	0.442955242
0.605818741	26746.5	0.136134416	32082.4082	0.444969034
0.605830323	26791.73438	0.135944128	32082.4082	0.446273891
0.60584192	26726.82813	0.122723416	32082.4082	0.444223979
0.605853472	26749.19141	0.123053595	32082.4082	0.444141229
0.605865045	26772.26953	0.120520137	32082.4082	0.445118189
0.605876621	26740.16016	0.118908301	32052.68164	0.445065883
0.605888219	26751.93359	0.116078533	32052.68164	0.444819814
0.605899778	26768.70117	0.114705212	32052.68164	0.447910028
0.605911354	26751.42383	0.113451399	32052.68164	0.446403629
0.605922936	26709.48242	0.113557026	32052.68164	0.444877004
0.605934483	26771.03516	0.111775786	32026.91602	0.447406309
0.605946077	26737.87305	0.110673666	32026.91602	0.446531922
0.605957639	26740.23828	0.108722322	32026.91602	0.44748815
0.605969203	26733.57813	0.107601613	32026.91602	0.446207788
0.605980775	26774.74609	0.106745802	32026.91602	0.447772192
0.605992355	26734.77539	0.103647552	31957.91992	0.450698924
0.606003938	26718.83984	0.100234702	31957.91992	0.448895456
0.606015528	26761.56445	0.097621419	31957.91992	0.450163865
0.606027093	26739.75977	0.095874697	31957.91992	0.449838076
0.606038679	26733.02734	0.09120518	31957.91992	0.449014673
0.606050229	26730.56055	0.086514868	31893.95117	0.453351363
0.606061816	26770.82617	0.080278464	31893.95117	0.4546476
0.606073382	26761.30664	0.065427154	31893.95117	0.453278924
0.606084959	26738.01563	0.070006661	31893.95117	0.452652187
0.606096518	26748.05469	0.065322265	31893.95117	0.452272193
0.606108092	26749.52344	0.059492733	31825.63477	0.45691633
0.606119679	26746.5918	0.055250723	31825.63477	0.457166508
0.606131243	26727.29297	0.047417004	31825.63477	0.456100802
0.606142827	26755.96875	0.04528603	31825.63477	0.455374516
0.606154422	26769.56055	0.042083815	31825.63477	0.457233646
0.606165966	26736.08203	0.035488714	31746.32422	0.458731638
0.606177559	26718.09766	0.028830247	31746.32422	0.458121649
0.60618913	26765.875	0.01479233	31746.32422	0.460484123
0.606200699	26749.01367	0.01707211	31746.32422	0.460208336
0.60621227	26738.74219	0.015080625	31746.32422	0.459337549
0.606223866	26799.16016	0.015473154	31714.22461	0.463863451
0.606235428	26749.15039	0.003367202	31714.22461	0.460288162
0.606246997	26751.15039	0.003393935	31714.22461	0.460928405
0.606258582	26767.41797	-0.00158492	31714.22461	0.461637454
0.60627013	26747.83203	-0.000281751	31714.22461	0.461381592
0.606281736	26753.61719	-0.004619043	31635.18359	0.465962141
0.606293306	26744.54688	-0.008128065	31635.18359	0.464744485
0.606304864	26750.61914	-0.009285552	31635.18359	0.466185509
0.60631646	26763.39453	-0.011222689	31635.18359	0.465786726
0.606328007	26770.87305	-0.012802567	31635.18359	0.467238952
0.60633959	26744.19531	-0.015262549	31573.57813	0.466692653
0.606351162	26739.98242	-0.015263707	31573.57813	0.467152556
0.60636275	26769.42188	-0.017621892	31573.57813	0.468133823
0.606374298	26782.86133	-0.016045714	31573.57813	0.470516477
0.606385899	26773.30078	-0.018773729	31573.57813	0.469935074
0.606397459	26760.4375	-0.020820092	31490.86133	0.472873864
0.606409052	26745.14453	-0.020351837	31490.86133	0.47198847
0.606420608	26768.10156	-0.021774119	31490.86133	0.472765413
0.606432183	26744.88281	-0.022911487	31490.86133	0.472841953
0.606443753	26765.32227	-0.024851764	31490.86133	0.474180798
0.606455332	26780.71289	-0.026653448	31414.18164	0.478614987
0.606466922	26761.38281	-0.03061939	31414.18164	0.476781962
0.606478475	26731.63477	-0.032575831	31414.18164	0.47462383
0.606490047	26760.13477	-0.033030167	31414.18164	0.479184694
0.606501617	26750.44336	-0.037050456	31414.18164	0.476285299
0.606513187	26723.85547	-0.041122198	31364.70313	0.476819699
0.606524793	26756.28906	-0.044444114	31364.70313	0.479324324
0.606536333	26747.36133	-0.046435218	31364.70313	0.478249455
0.606547915	26735.47461	-0.052619454	31364.70313	0.477222724
0.606559502	26735.32617	-0.057975955	31364.70313	0.477680911
0.60657106	26772.33008	-0.062308583	31322.24609	0.482387456
0.60658265	26756.66797	-0.070343785	31322.24609	0.481626777
0.606594203	26762.44727	-0.06300842	31322.24609	0.482016197
0.606605798	26727.4668	-0.087659255	31322.24609	0.480172681
0.606617377	26769.22852	-0.091580883	31322.24609	0.480743556
0.606628933	26727.87695	-0.083077945	31242.2207	0.484523284
0.606640513	26779.54102	-0.075046554	31242.2207	0.487786064
0.606652075	26742.08594	-0.093968257	31242.2207	0.484540601
0.606663673	26758.25391	-0.099546626	31242.2207	0.48455689
0.606675234	26744.89258	-0.101363115	31242.2207	0.485664109
0.606686799	26738.54492	-0.10652215	31195.32813	0.488307714
0.606698378	26761.22266	-0.111946516	31195.32813	0.488412537
0.60670997	26769.0625	-0.114858776	31195.32813	0.489040282
0.606721538	26774.73047	-0.117574334	31195.32813	0.491472789
0.60673311	26728.54883	-0.120193549	31195.32813	0.487014159
0.606744675	26739.41016	-0.123723798	31163.94922	0.490653243
0.606756271	26720.70313	-0.125689745	31163.94922	0.488307758
0.606767814	26743.63086	-0.131568313	31163.94922	0.490305875
0.606779416	26726.02148	-0.13459909	31163.94922	0.489441066
0.606790964	26740.99023	-0.137114063	31163.94922	0.488067082
0.606802549	26755.45508	-0.138576597	31077.02734	0.495609363
0.606814124	26774.05273	-0.142236576	31077.02734	0.496989537
0.606825695	26729.21875	-0.143081084	31077.02734	0.493636223
0.606837263	26740.53125	-0.144500598	31077.02734	0.492858007
0.606848845	26735.30469	-0.147223756	31077.02734	0.495057388
0.606860419	26751.05469	-0.150001779	31064.16992	0.495730856
0.606871994	26727.63281	-0.152574644	31064.16992	0.49374728
0.606883562	26770.87695	-0.153563529	31064.16992	0.496645558
0.606895169	26760.91406	-0.152885377	31064.16992	0.496098064
0.606906731	26717.43555	-0.157807112	31064.16992	0.494443183
0.606918296	26798.48242	-0.15860419	31024.65625	0.499994093
0.606929859	26746.77539	-0.163476542	31024.65625	0.497849619
0.60694145	26742.16016	-0.162527517	31024.65625	0.496651534
0.60695301	26769.0293	-0.166412711	31024.65625	0.498851019
0.606964578	26757.81836	-0.169147179	31024.65625	0.498987454
0.606976168	26747.81055	-0.172371686	30970.64453	0.502364731
0.606987731	26737.79688	-0.175536126	30970.64453	0.502247553
0.606999324	26773.99609	-0.177288681	30970.64453	0.503456781
0.607010888	26771.52148	-0.180844352	30970.64453	0.502934466
0.607022443	26737.84766	-0.185012206	30970.64453	0.501317133
0.607034043	26733.74023	-0.185894653	30933.72656	0.503196908
0.607045612	26724.42773	-0.189761743	30933.72656	0.502348196
0.607057186	26765.97852	-0.18856597	30933.72656	0.503348477
0.607068761	26750.44727	-0.196074903	30933.72656	0.501043142
0.607080349	26721.58398	-0.2019943	30933.72656	0.502065616
0.6070919	26754.72656	-0.203106791	30865.44531	0.507989517
0.607103469	26753.99609	-0.209836111	30865.44531	0.507955778
0.607115043	26737.14844	-0.212762401	30865.44531	0.506253196
0.60712661	26768.92773	-0.216199115	30865.44531	0.507612364
0.607138191	26781.73047	-0.224884525	30865.44531	0.509785893
0.607149758	26737.94922	-0.224030286	30816.08984	0.509898217
0.607161352	26745.24219	-0.226440549	30816.08984	0.510713056
0.607172907	26726.52148	-0.229290068	30816.08984	0.509110663
0.607184483	26770.87109	-0.235238671	30816.08984	0.513969691
0.607196077	26756.70117	-0.23711127	30816.08984	0.511757587
0.607207638	26751.64453	-0.239276707	30787.35352	0.511575182
0.607219218	26755.49219	-0.244023845	30787.35352	0.51249065
0.607230798	26734.27148	-0.248092294	30787.35352	0.510672188
0.607242366	26769.51758	-0.249114126	30787.35352	0.513088127
0.607253953	26758.23438	-0.247987285	30787.35352	0.509809831
0.607265502	26747.02148	-0.254690588	30750.58594	0.515373919
0.607277082	26770.22461	-0.255278707	30750.58594	0.516704214
0.607288664	26770.66211	-0.256170571	30750.58594	0.515656785
0.607300233	26728.04297	-0.259544492	30750.58594	0.513245167
0.607311801	26740.53711	-0.262067765	30750.58594	0.513936542
0.607323396	26747.94141	-0.26199311	30718.13672	0.516048707
0.60733497	26762.32031	-0.264477789	30718.13672	0.519069255
0.60734654	26774.30273	-0.267988235	30718.13672	0.518656074
0.607358107	26730.99023	-0.264754295	30718.13672	0.516845115
0.607369667	26762.50586	-0.266741782	30718.13672	0.519069889
0.607381271	26793.41211	-0.273693562	30709.36523	0.520120283
0.607392826	26758.62891	-0.270434499	30709.36523	0.518704936
0.607404389	26734.98828	-0.270031542	30709.36523	0.516261129
0.607415996	26735.0918	-0.272851497	30709.36523	0.519076112
0.607427555	26739.76367	-0.273268253	30709.36523	0.5174454
0.607439124	26724.18164	-0.272962511	30725.03711	0.515428395
0.60745072	26741.53516	-0.274320304	30725.03711	0.517826664
0.607462259	26786.2832	-0.276256025	30725.03711	0.518546479
0.607473842	26775.10352	-0.275647491	30725.03711	0.518202271
0.607485417	26755.91016	-0.276257724	30725.03711	0.515851555
0.607496995	26761.12695	-0.276992708	30718.15039	0.517592354
0.607508583	26791.87891	-0.27715838	30718.15039	0.519770887
0.607520131	26783.43555	-0.277369201	30718.15039	0.519604706
0.607531718	26754.07422	-0.277835935	30718.15039	0.518213721
0.607543288	26745.99023	-0.277837038	30718.15039	0.516907787
0.607554865	26765.09766	-0.277100503	30698.21094	0.519626229
0.607566441	26760.42383	-0.278670341	30698.21094	0.518210064
0.607577998	26789.20313	-0.000357857	30698.21094	0.520858202
0.6075896	26756.36719	-0.001270628	30698.21094	0.51863878
0.607601169	26793.45703	-0.001119513	30698.21094	0.52110113
0.607612742	26762.93359	-0.001069878	30707.2207	0.517707894
0.60762431	26723.35547	-0.001576526	30707.2207	0.514064091
0.60763589	26770.23047	-0.001220434	30707.2207	0.520023701
0.607647478	26767.82031	-0.001931944	30707.2207	0.51795027
0.607659027	26750.05273	-0.001881309	30707.2207	0.518702129
0.607670621	26791.85352	-0.001830466	30687.49023	0.520440446
0.607682194	26735.8125	-0.002033469	30687.49023	0.516167333
0.607693762	26725.11328	-0.001576665	30687.49023	0.518292989
0.607705317	26772.75586	-0.002236797	30687.49023	0.52005984
0.607716888	26751.49414	-0.002286921	30687.49023	0.516034073
0.607728475	26784.83203	-0.002287432	30649.32422	0.522260055
0.607740058	26783.07813	-0.002338322	30649.32422	0.525033398
0.60775161	26752.1543	-0.002948469	30649.32422	0.520874791
0.607763189	26685.8418	-0.002644452	30649.32422	0.509527225
0.607774776	25769.85156	-0.002490226	30649.32422	0.46221171
0.607786336	25364.59961	-0.003350875	30650.82422	0.448599234
0.607797925	25273.30664	-0.002541186	30650.82422	0.444682658
0.607809503	25225.95898	-0.001982486	30650.82422	0.443622737
0.607821059	25201.1582	-0.027466064	30650.82422	0.44220541
0.607832649	25150.06055	-0.003758949	30650.82422	0.440286842
0.607844203	25157.99805	-0.003000753	30621.31641	0.441851325
0.607855782	25168.88086	-0.003554134	30621.31641	0.443441268
0.607867358	25180.86523	-0.004325523	30621.31641	0.442350861
0.60787896	25183.09375	-0.006602571	30621.31641	0.442781258
0.607890505	25149.09766	-0.010089672	30621.31641	0.441831716
0.607902083	25192.99219	-0.004527155	30531.46094	0.447765331
0.607913673	25203.96484	-0.006352255	30531.46094	0.448269466
0.607925237	25224.43555	-0.006093252	30531.46094	0.448722268
0.607936806	25228.70898	-0.008173941	30531.46094	0.448226642
0.607948372	25058.69336	-0.009496411	30531.46094	0.441057126
0.607959959	24894.49805	-0.011222561	30450.38281	0.436189187
0.607971527	24732.92773	-0.01584778	30450.38281	0.432035831
0.607983107	24669.08984	-0.023635477	30450.38281	0.430399054
0.607994673	24644.20313	-0.01765655	30450.38281	0.429968238
0.608006251	24559.44531	-0.016702063	30450.38281	0.42675029
0.608017811	24572.44727	-0.027141437	30299.32813	0.433760557
0.608029404	24594.2207	-0.00872934	30299.32813	0.433982033
0.60804098	24506.44727	-0.008946001	30299.32813	0.429020449
0.608052565	24531.17383	-0.005287788	30299.32813	0.430337667
0.608064136	24513.7832	-0.005991981	30299.32813	0.429222059
0.608075692	24434.87109	-0.005283979	30165.125	0.431921639
0.608087276	24456.55078	-0.001728522	30165.125	0.433628979
0.60809885	24407.44727	0.039650165	30165.125	0.432953913
0.608110411	24394.33203	0.18252483	30165.125	0.43069134
0.608122004	24371.11914	0.300437987	30165.125	0.429472243
0.608133553	24363.5293	0.417492539	30006.96289	0.437479803
0.608145143	24453.125	0.509713054	30006.96289	0.439583561
0.608156703	24426.05859	0.605369628	30006.96289	0.436984055
0.608168295	24345.56445	0.707747817	30006.96289	0.437517947
0.608179866	24359.73242	0.822717607	30006.96289	0.435931494
0.60819143	24284.79883	0.890386343	29923.40039	0.435941317
0.608202999	24347.79688	0.957920015	29923.40039	0.440440021
0.608214581	24449.99219	1.01744628	29923.40039	0.444382916
0.608226149	24335.02148	1.094119906	29923.40039	0.436846784
0.608237739	24329.65039	1.177349567	29923.40039	0.43798172
0.608249333	24323.79883	1.25020659	29870.90039	0.439803033
0.608260866	24414.39258	1.29877162	29870.90039	0.443305101
0.608272445	24305.94922	1.378239632	29870.90039	0.437877218
0.608284014	24221.30859	1.410541773	29870.90039	0.435645243
0.608295603	24252.04492	1.497558355	29870.90039	0.437584661
0.608307175	24276.67969	1.545055866	29806.37109	0.44229912
0.608318756	24234.3125	1.639305234	29806.37109	0.439279466
0.608330329	24207.85156	1.720383644	29806.37109	0.436103152
0.608341924	24149.9668	1.797650099	29806.37109	0.435306448
0.608353472	24148.16797	1.887650251	29806.37109	0.436268727
0.608365067	24146.02148	1.949699521	29752.41406	0.437273316
0.608376615	24093.35938	2.023166418	29752.41406	0.435377748
0.608388198	24166.94922	2.04119134	29752.41406	0.440960193
0.608399773	24174.38477	2.110671759	29752.41406	0.439602622
0.60841134	24217.01953	2.200281858	29752.41406	0.438976544
0.608422929	24292.29883	2.275644779	29705.67188	0.447066353
0.608434477	24374	2.317879677	29705.67188	0.449531427
0.608446062	24394.88086	2.394768715	29705.67188	0.450573947
0.608457628	24450.28125	2.417908669	29705.67188	0.452648134
0.608469199	24413.12695	2.47420311	29705.67188	0.45057704
0.608480794	24356.36133	2.53272748	29616.80078	0.451044695
0.60849238	24356.27148	2.559098959	29616.80078	0.452914424
0.608503945	24432.33008	2.625610352	29616.80078	0.454038812
0.608515525	24414.47266	2.672082186	29616.80078	0.455984557
0.608527071	24414.70508	2.715391874	29616.80078	0.453397917
0.608538653	24379.5918	2.777213574	29554.66797	0.454417235
0.608550242	24247.78711	2.818165541	29554.66797	0.450469237
0.608561804	24261.67578	2.879727125	29554.66797	0.450341763
0.608573366	24294.23633	2.917277575	29554.66797	0.452796175
0.608584942	24301.42383	2.926373482	29554.66797	0.451698839
0.608596524	24309.38672	2.951989174	29481.20117	0.457423034
0.608608097	24283.27734	3.03973937	29481.20117	0.454960943
0.608619665	24299.29492	3.047864676	29481.20117	0.456430942
0.608631239	24285.81641	3.056078434	29481.20117	0.452595687
0.60864283	24230.71094	3.116167784	29481.20117	0.453194566
0.608654409	24160.64063	3.171547175	29416.46094	0.452103452
0.608665967	24114.42773	3.23940897	29416.46094	0.449356064
0.60867753	24085.95117	3.291510105	29416.46094	0.449851045
0.608689122	24101.35352	3.312738657	29416.46094	0.451139132
0.608700694	24112.18359	3.363325119	29416.46094	0.451447559
0.608712258	24210.37305	3.420301437	29360.80469	0.456178695
0.608723843	24181.30859	3.451938629	29360.80469	0.4561266
0.608735431	24230.87695	3.515992641	29360.80469	0.459613734
0.608746989	24211.79102	3.554320335	29360.80469	0.457779113
0.608758556	24160.99414	3.560201645	29360.80469	0.45610511
0.608770151	24098.19141	3.579951286	29338.08008	0.452895032
0.608781704	24139.37695	3.622668028	29338.08008	0.454342657
0.608793286	24072.93555	3.667189121	29338.08008	0.452119123
0.608804854	24002.85742	3.68629694	29338.08008	0.44828309
0.608816426	23955.66797	3.713941097	29338.08008	0.445829323
0.608827996	23896.32617	3.761316776	29284.50977	0.447333996
0.608839585	23870.79492	3.801632881	29284.50977	0.445810265
0.608851141	23855.12695	3.828201056	29284.50977	0.447294422
0.608862748	23928.44141	3.873787403	29284.50977	0.449145212
0.608874297	23923.52344	3.91968894	29284.50977	0.448365296
0.608885883	23972.27344	3.939299107	29191.33008	0.455363
0.608897454	23954.58789	3.966566324	29191.33008	0.454629848
0.608909031	23965.96289	4.017332077	29191.33008	0.456634444
0.608920586	23906.83203	4.056425571	29191.33008	0.451222525
0.60893216	23891.1875	4.064962387	29191.33008	0.450056785
0.608943747	23943.11523	4.067195892	29140.00391	0.455834846
0.608955328	23917.95117	4.076747894	29140.00391	0.453838874
0.608966891	23900.27734	4.11146307	29140.00391	0.452247614
0.608978464	23856.65234	4.164673805	29140.00391	0.452557919
0.608990031	23838.70508	4.196844578	29140.00391	0.451790287
0.6090016	23923.94727	4.231100082	29075.67188	0.457159146
0.609013197	23857.17188	4.275123596	29075.67188	0.454737755
0.609024768	23835.7168	4.308068276	29075.67188	0.456006279
0.609036336	23780.05078	4.320804596	29075.67188	0.450159335
0.609047909	23716.96875	4.342361927	29075.67188	0.44781078
0.609059504	23688.58789	4.390501976	29045.91797	0.450275019
0.609071059	23789.57031	4.430106163	29045.91797	0.454729248
0.609082627	23798.91406	4.442085266	29045.91797	0.454296217
0.609094195	23801.96875	4.44680357	29045.91797	0.454347037
0.609105773	23801.14258	4.447819233	29045.91797	0.454033925
0.609117364	23777.5957	4.452438831	29011.20508	0.453613106
0.609128949	23745.10742	4.45951891	29011.20508	0.452607148
0.609140492	23768.5918	4.482004166	29011.20508	0.45267576
0.609152076	23740.41211	4.525015831	29011.20508	0.451638117
0.609163654	23676.21484	4.559472084	29011.20508	0.450362095
0.609175216	23663.85547	4.57156992	28919.04102	0.453374313
0.609186817	23649.02148	4.576848507	28919.04102	0.453729061
0.60919837	23650.125	4.588893414	28919.04102	0.451942528
0.609209935	23619.00391	4.621978283	28919.04102	0.451341825
0.609221508	23616.53125	4.662973881	28919.04102	0.450162854
0.609233088	23593.23828	4.69054842	28896.2168	0.451657882
0.609244674	23573.19141	4.701268196	28896.2168	0.451682888
0.609256234	23598.00195	4.712594986	28896.2168	0.451581589
0.609267804	23561.48242	4.736036778	28896.2168	0.451632311
0.609279399	23405.48047	4.769976139	28896.2168	0.442733924
0.609290965	23339.82617	4.801335335	28861.66406	0.442942458
0.609302548	23333.07813	4.825090885	28861.66406	0.443017534
0.609314102	23428.6582	4.84242487	28861.66406	0.447029454
0.6093257	23379.43164	4.867239952	28861.66406	0.443206046
0.60933725	23358.37305	4.902574062	28861.66406	0.443730979
0.60934884	23401.94922	4.92449379	28796.28516	0.447537566
0.609360411	23445.57813	4.940729618	28796.28516	0.448957086
0.609372002	23442.80469	4.949139118	28796.28516	0.45021484
0.60938356	23386.99414	4.954118729	28796.28516	0.448138116
0.609395131	23349.40625	4.956407547	28796.28516	0.445348967
0.609406706	23284.51367	4.960424423	28741.25391	0.445102945
0.609418285	23363.72656	4.970435619	28741.25391	0.449296134
0.609429844	23440.46289	4.988769531	28741.25391	0.451836705
0.609441435	23352.39648	5.016333103	28741.25391	0.446667691
0.609453015	23137.94336	5.046734333	28741.25391	0.441068341
0.609464581	23086.94922	5.06529808	28697.74805	0.439767939
0.609476167	23041.06836	5.077471733	28697.74805	0.437152198
0.609487727	23048.92578	5.083261967	28697.74805	0.438908117
0.609499303	22994.99609	5.09028244	28697.74805	0.434846468
0.609510882	22956.71094	5.106643677	28697.74805	0.434546032
0.609522449	22953.60938	5.129714966	28638.45313	0.437748513
Day fraction since midnight on 	Accumulator Pressure (Pa)	DO probe (mg/L)	Source Pressure (Pa)	air valve control ()
0.614337248	23266.76758	8.525152206	28889.31641	0.438637893
0.614348841	23287.72461	8.531697273	28889.31641	0.43901129
0.614360393	23290.37695	8.542417526	28889.31641	0.439428087
0.61437196	23306.47266	8.546675682	28889.31641	0.440369187
0.614383565	23318.46094	8.551207542	28942.23633	0.439677826
0.614395118	23296.10938	8.549645424	28942.23633	0.438577452
0.614406681	23278.62305	8.557014465	28942.23633	0.436682028
0.614418278	23292.11133	8.554041863	28942.23633	0.437322252
0.61442983	23332.32422	8.557853699	28942.23633	0.439810758
0.61444142	23317.51563	8.548812866	29003.44922	0.435380011
0.614453011	23300.06055	8.575519562	29003.44922	0.434833939
0.614464582	23330.00391	8.566080093	29003.44922	0.436659756
0.614476152	23291.94141	8.560176849	29003.44922	0.434085909
0.614487719	23303.77734	8.55368042	29003.44922	0.43564276
0.614499275	23345.32422	8.51852417	29057.30273	0.436704194
0.614510889	23290.49805	8.407889366	29057.30273	0.433830366
0.614522427	23315.29492	8.189599037	29057.30273	0.434113941
0.614533999	23317.61523	7.791118622	29057.30273	0.434367799
0.614545598	23314.69531	7.267019749	29057.30273	0.433713254
0.614557157	23253.20703	6.678766727	29085.76367	0.430840326
0.614568733	23322.29688	6.061280727	29085.76367	0.433671178
0.614580318	23287.07031	5.448170662	29085.76367	0.433370264
0.614591882	23308.36133	4.873804092	29085.76367	0.432242668
0.61460346	23270.19141	4.369425297	29085.76367	0.43150895
0.614615026	23307.14453	3.901212454	29147.45313	0.430562189
0.614626588	23313.76563	3.492977619	29147.45313	0.431266257
0.614638169	23306.38672	3.094152212	29147.45313	0.430985501
0.614649736	23282.23438	2.752040386	29147.45313	0.428990333
0.614661329	23290.11719	2.472299576	29147.45313	0.42937069
0.614672904	23272.86523	2.204875946	29217.7207	0.429548226
0.614684466	23296.62891	1.99757576	29217.7207	0.426961019
0.614696059	23266.02539	1.760585904	29217.7207	0.426713826
0.61470763	23274.12109	1.574522615	29217.7207	0.426198243
0.614719192	23299.39844	1.429513216	29217.7207	0.427968071
0.614730777	23309.56641	1.296252608	29279.4082	0.428651553
0.61474234	23264.26172	1.148735166	29279.4082	0.423817584
0.614753911	23296.14844	1.033001304	29279.4082	0.425196075
0.6147655	23269.69922	0.931739807	29279.4082	0.42356132
0.614777064	23303.75195	0.871867538	29279.4082	0.426621292
0.614788671	23320.33398	0.776823998	29373.00391	0.422098285
0.614800225	23289.19922	0.67488128	29373.00391	0.42198558
0.61481179	23261.20508	0.6351493	29373.00391	0.421653975
0.61482337	23273.08789	0.556531727	29373.00391	0.421405833
0.614834931	23290.41797	0.523528159	29373.00391	0.421968086
0.614846502	23283.95313	0.51297617	29429.77539	0.418849667
0.614858104	23266.91992	0.467521668	29429.77539	0.419111913
0.614869678	23230.82813	0.411395222	29429.77539	0.417246978
0.614881226	23187.4082	0.391220659	29429.77539	0.415796409
0.614892808	23172.57422	0.373025388	29429.77539	0.414907847
0.6149044	23214.99219	0.330168814	29505.60156	0.414948112
0.614915969	23191.45703	0.288757712	29505.60156	0.414168722
0.614927544	23176.91016	0.268233538	29505.60156	0.412349492
0.614939102	23178.9668	0.259594023	29505.60156	0.412909869
0.61495069	23227.24219	0.250765562	29505.60156	0.413603219
0.614962258	23191.57227	0.233250961	29574.39648	0.412032043
0.61497383	23193.21875	0.206809491	29574.39648	0.41037443
0.614985398	23187.40039	0.178854302	29574.39648	0.411066769
0.614996969	23182.52539	0.153744087	29574.39648	0.411870326
0.615008562	23189.33789	0.135715723	29574.39648	0.410962225
0.61502014	23171.52734	0.123572089	29640.57031	0.407987848
0.615031698	23181.59766	0.111046024	29640.57031	0.408415221
0.615043271	23169.26563	0.090805024	29640.57031	0.408868795
0.61505485	23182.66211	0.07150422	29640.57031	0.40980055
0.615066419	23198.75	0.057551194	29640.57031	0.410398059
0.615078025	23175.56641	0.039075688	29702.02344	0.406794505
0.615089564	23191.05664	0.024724176	29702.02344	0.407415607
0.615101143	23181.48047	0.017068397	29702.02344	0.407065281
0.615112711	23203.01563	0.009092518	29702.02344	0.406951999
0.615124288	23194.6582	0.00466225	29702.02344	0.407794359
0.615135882	23168.77539	0.001308268	29778.72266	0.403853115
0.615147426	23186.12305	0.000888174	29778.72266	0.404398671
0.615159008	23196.58789	-0.00052571	29778.72266	0.405823266
0.615170589	23203.44531	-0.001309848	29778.72266	0.405488053
0.615182157	23525.80469	-0.001938326	29778.72266	0.418136206
0.615193735	23876.87305	-0.003299438	29821.62109	0.42743922
0.615205321	24143.79492	-0.004141254	29821.62109	0.438350186
0.615216878	24394.68359	-0.003087632	29821.62109	0.445709512
0.615228454	24457.83789	-0.004660646	29821.62109	0.448561723
0.615240043	24469.41406	-0.004404301	29821.62109	0.448604958
aerate				
0.615251603	24529.33398	-0.002773728	29888.28711	0.447160577
0.615263179	24515.57227	-0.002199984	29888.28711	0.447318791
0.615274761	24596.56836	-0.002620534	29888.28711	0.449137284
0.615286332	24607.38281	-0.002512788	29888.28711	0.451746936
0.615297915	24617.66406	-0.002514487	29888.28711	0.451444867
0.615309473	24644.74805	-0.004294138	29882.70703	0.450908085
0.615321053	24645.63477	-0.00439894	29882.70703	0.454608633
0.615332632	24620.32617	-0.006608689	29882.70703	0.450259236
0.615344209	24612.76953	-0.007851956	29882.70703	0.45253548
0.615355763	24614.88477	-0.01180974	29882.70703	0.452240948
0.615367356	24669.33398	-0.013965066	29900.45703	0.454037729
0.615378924	24600.79883	-0.016643446	29900.45703	0.44995961
0.615390496	24653.50977	-0.017520635	29900.45703	0.452456837
0.615402067	24641.72461	-0.017664997	29900.45703	0.451288188
0.615413651	24683.375	-0.011541094	29900.45703	0.452517626
0.615425248	24565.39258	-0.006337577	29891.70508	0.448083152
0.615436781	24647.64453	-0.00266165	29891.70508	0.45293665
0.615448368	24651.63281	0.004816449	29891.70508	0.454419994
0.615459939	24611.40625	0.057492681	29891.70508	0.451357382
0.615471531	24658.86523	0.125832066	29891.70508	0.454024134
0.615483079	24631.79297	0.208367929	29910.13086	0.450207226
0.615494678	24636.78516	0.263100058	29910.13086	0.45093067
0.615506247	24661.75391	0.334159166	29910.13086	0.452553069
0.615517829	24659.26367	0.403633624	29910.13086	0.453261901
0.615529399	24762.79492	0.498372227	29910.13086	0.458129317
0.615540981	24768.08008	0.539260328	29936.29492	0.458166996
0.61555253	24777.0332	0.63982904	29936.29492	0.455638474
0.615564111	24755.48633	0.755702436	29936.29492	0.454727185
0.615575691	24731.74219	0.876420915	29936.29492	0.454180595
0.615587257	24761.51367	0.966398358	29936.29492	0.454487132
0.61559882	24687.24023	1.066684485	29976.9668	0.452799171
0.615610405	24698.22656	1.205695033	29976.9668	0.450267674
0.615621984	24771.41406	1.318876863	29976.9668	0.453898885
0.615633557	24776.93945	1.426406264	29976.9668	0.455398961
0.615645119	24709.64844	1.525009394	29976.9668	0.450716884
0.615656708	24600.79688	1.628682971	29959.43945	0.447673472
0.615668288	24589.93164	1.744349837	29959.43945	0.448244528
0.615679857	24681.36719	1.891399741	29959.43945	0.452167789
0.615691427	24752.99414	2.016991139	29959.43945	0.454489721
0.615703013	24809.89453	2.099774122	29959.43945	0.456450597
0.615714573	24837.68555	2.221913338	29952.55859	0.457358784
0.615726139	24810.74219	2.353945017	29952.55859	0.455834436
0.615737707	24821.01367	2.465944767	29952.55859	0.456242765
0.615749283	24818.9043	2.55079031	29952.55859	0.457697366
0.615760875	24794.11719	2.641228437	29952.55859	0.4563871
0.615772448	24760.33008	2.749949217	30008.44336	0.454421478
0.615784013	24786.80273	2.867237806	30008.44336	0.451710772
0.615795583	24839.4043	2.991060019	30008.44336	0.456385867
0.615807165	24863.35547	3.068767309	30008.44336	0.455646348
0.615818756	24820.5957	3.163007259	30008.44336	0.455281257
0.615830321	24806.49805	3.292424917	29997.12695	0.453297135
0.615841892	24815.87891	3.399932861	29997.12695	0.45405837
0.61585345	24836.03516	3.492996693	29997.12695	0.45619454
0.615865025	24802.21289	3.593075752	29997.12695	0.453871759
0.615876618	24850.48242	3.666172266	29997.12695	0.457394243
0.615888182	24897.00391	3.742172003	30018.54883	0.456616012
0.615899763	24876.93359	3.829240322	30018.54883	0.455187667
0.615911331	24869.8125	3.935246944	30018.54883	0.45508817
0.615922911	24833.4082	4.041472435	30018.54883	0.455046102
0.6159345	24803.02539	4.135759831	30018.54883	0.454017745
0.615946055	24863.67578	4.192178249	30031.44336	0.45748931
0.615957632	24823.18164	4.274582386	30031.44336	0.455101061
0.615969211	24844.54883	4.393200398	30031.44336	0.45505461
0.615980787	24858.68164	4.469013214	30031.44336	0.455325362
0.615992357	24868.84375	4.567385197	30031.44336	0.454460196
0.616003934	24842.52344	4.629127026	30053.49414	0.453774887
0.61601551	24793.72461	4.713256836	30053.49414	0.44946567
0.616027086	24748.58594	4.794708252	30053.49414	0.448882061
0.616038652	24736.89063	4.860891342	30053.49414	0.447913808
0.616050233	24784.60352	4.956178188	30053.49414	0.451269104
0.616061794	24861.17188	5.034265995	30049.39258	0.455574906
0.616073364	24885.99609	5.101311684	30049.39258	0.455021798
0.616084956	24861.75781	5.143956184	30049.39258	0.454391318
0.616096519	24840.20898	5.226297855	30049.39258	0.453783712
0.616108088	24856.95117	5.272917748	30049.39258	0.455833457
0.61611966	24843.63086	5.369158268	30055.00586	0.453456975
0.616131243	24904.88281	5.457846165	30055.00586	0.456113709
0.616142829	24901.5918	5.506855965	30055.00586	0.455569368
0.616154387	24866.71289	5.580087662	30055.00586	0.45353125
0.616165968	24890.35352	5.629234314	30055.00586	0.454824053
0.616177529	24873.51172	5.663499832	30092.7168	0.452368442
0.616189105	24894.56641	5.739003182	30092.7168	0.454251412
0.616200691	24919.16602	5.766995907	30092.7168	0.455700221
0.616212253	24939.96484	5.82769537	30092.7168	0.455677648
0.616223832	24929.36328	5.885698795	30092.7168	0.456969751
0.616235423	24946.5957	5.929101467	30078.16992	0.456932404
0.616247004	24922.88281	6.004577637	30078.16992	0.457187135
0.616258572	24955.67188	6.071342945	30078.16992	0.457621052
0.616270147	24927.72852	6.140384674	30078.16992	0.455963403
0.61628171	24912.91797	6.177864552	30078.16992	0.454102264
0.616293309	24925.35156	6.246022701	30098.27344	0.454718929
0.616304868	24964.48047	6.281908035	30098.27344	0.45758689
0.616316436	25015.97852	6.289862156	30098.27344	0.457942109
0.616328001	24936.89648	6.32661581	30098.27344	0.455560331
0.616339565	24959.46289	6.395859718	30098.27344	0.456116704
0.616351156	24915.91797	6.456370354	30117.32617	0.452672681
0.616362721	24941.91016	6.518669605	30117.32617	0.455994997
0.616374291	24917.18359	6.548081398	30117.32617	0.455222791
0.616385891	24973.34375	6.575175285	30117.32617	0.456206139
0.616397447	25003.27539	6.634610653	30117.32617	0.457471818
0.616409034	24957.20703	6.675122738	30149.74414	0.453387389
0.616420591	24850.30664	6.701746941	30149.74414	0.447647158
0.61643217	24844.95508	6.745775223	30149.74414	0.449021018
0.616443732	24861.19141	6.79749012	30149.74414	0.450112814
0.61645531	24865.57031	6.80760479	30149.74414	0.450268593
0.616466913	24946.24805	6.811106682	30141.32422	0.455500851
0.616478462	25000.35742	6.823368073	30141.32422	0.455441664
0.616490042	25019.52734	6.85640955	30141.32422	0.456350189
0.616501605	24974.50391	6.911213875	30141.32422	0.456579323
0.616513178	24983.29102	6.938551903	30141.32422	0.455377001
0.616524772	24960.48633	6.964492798	30175.64258	0.455023963
0.61653634	24961.77148	7.015780449	30175.64258	0.453377044
0.616547925	24935.59375	7.059952259	30175.64258	0.451072442
0.61655949	24869.7793	7.093515396	30175.64258	0.44847174
0.616571047	24820.5957	7.14422226	30175.64258	0.44689683
0.616582637	24810.18555	7.186528206	30163.01172	0.447524839
0.6165942	24762.98828	7.199649334	30163.01172	0.443482864
0.616605774	24704.36523	7.20599699	30163.01172	0.441525316
0.616617349	24701.30859	7.220469952	30163.01172	0.44261429
0.616628946	24743.5	7.255068779	30163.01172	0.445305314
0.616640515	24795.77148	7.298163414	30002.88672	0.446450887
0.61665211	24766.23242	7.325479984	30002.88672	0.452355329
0.616663654	24694.16016	7.332720757	30002.88672	0.448775111
0.61667524	24643.69922	7.339900017	30002.88672	0.447441151
0.616686802	24590.30273	7.348627567	30002.88672	0.444784529
0.616698374	24588.48438	7.384268284	30047.94922	0.445895524
0.616709964	24643.83984	7.416109085	30047.94922	0.445698358
0.616721518	24630.41602	7.457361221	30047.94922	0.444721196
0.616733095	24657.76953	7.486031532	30047.94922	0.44611489
0.616744669	24625.80859	7.517766953	30047.94922	0.443370834
0.616756258	24574.1543	7.55326891	30063.15234	0.442537729
0.616767821	24485.27344	7.583062172	30063.15234	0.438199407
0.616779387	24455.68164	7.592131615	30063.15234	0.437414725
0.616790978	24445.92773	7.599890232	30063.15234	0.436441967
0.616802531	24452.57031	7.617278099	30063.15234	0.437031845
0.616814125	24513.02539	7.626705647	30072.33789	0.440658753
0.616825694	24470.51367	7.654892921	30072.33789	0.437682358
0.616837254	24451.42383	7.692943573	30072.33789	0.436096531
0.616848848	24417.23438	7.714420319	30072.33789	0.435114171
0.616860417	24411.61523	7.720181942	30072.33789	0.435426662
0.616871991	24415.16797	7.725987434	30081.77539	0.436323659
0.616883561	24465.6875	7.747014523	30081.77539	0.438117277
0.61689513	24544.89063	7.767838001	30081.77539	0.440922297
0.616906706	24573.32031	7.7950387	30081.77539	0.440493173
0.616918316	24550.66016	7.823551655	30081.77539	0.440804213
0.616929857	24543.83398	7.828213215	30157.17383	0.440994784
0.616941438	24534.58984	7.846373081	30157.17383	0.436378318
0.616953016	24482.23633	7.852781773	30157.17383	0.433618508
0.616964582	24469.51367	7.855359078	30157.17383	0.434023499
0.61697617	24487.73242	7.856880665	30157.17383	0.433375986
0.616987721	24495.51367	7.858189583	30138.72656	0.435725128
0.616999294	24586.48242	7.858765602	30138.72656	0.439627223
0.617010902	24533.92578	7.859501362	30138.72656	0.436695793
0.617022449	24439.625	7.865959644	30138.72656	0.434017662
0.617034014	24451.42578	7.869727135	30138.72656	0.435362444
0.61704538	24507.49414	7.889165402	30138.72656	0.435140915
0.61705717	24504.86523	7.90085268	30172.22266	0.435551228
0.617068766	24514.31445	7.923165321	30172.22266	0.43663101
0.617080339	24532.45117	7.940238476	30172.22266	0.435119537
0.617091906	24526.08789	7.955926895	30172.22266	0.436175384
0.61710348	24454.59375	7.968086243	30151.61523	0.432438814
0.617115052	24491.61523	7.978044033	30151.61523	0.433783621
0.617126637	24494.2168	7.987302303	30151.61523	0.434453064
0.61713818	24541.80859	7.992056847	30151.61523	0.438366949
0.617149757	24540.92188	7.995751858	30151.61523	0.438013019
0.617161149	24629.04883	8.005765915	30151.61523	0.44110788
0.617172916	24566.37891	8.019291878	30162.98047	0.438246691
0.617184487	24519.7832	8.033708572	30162.98047	0.435694376
0.617196059	24543.38477	8.053360939	30162.98047	0.436380755
0.617207632	24559.41211	8.077749252	30162.98047	0.437607789
0.617219224	24566.65625	8.084032059	30200.28906	0.438379186
0.61723079	24562.21875	8.092051506	30200.28906	0.437343635
0.61724236	24675.14648	8.103720665	30200.28906	0.441275069
0.617253955	24658.17578	8.106984139	30200.28906	0.439663697
0.617265512	24740.17383	8.114889145	30200.28906	0.443801793
0.617277084	24769.10938	8.12255764	30245.28906	0.444439685
0.617288662	24733.50977	8.128655434	30245.28906	0.439443465
0.61730023	24695.05859	8.133069038	30245.28906	0.437781528
0.6173118	24667.80664	8.133469582	30245.28906	0.438225612
0.617323369	24624.11523	8.141736984	30245.28906	0.437352402
0.617334975	24691.12891	8.141471863	30280.21484	0.438679056
