Day fraction since midnight on 	Accumulator Pressure (Pa)	DO probe (mg/L)	Source Pressure (Pa)	air valve control ()
0.588503948	14689.99707	8.689675331	30374.51758	0.066652544
0.588515522	15185.10254	8.695762634	30357.60938	0.067865755
0.588527084	15561.5293	8.697350502	30357.60938	0.068586016
0.588538669	15782.22949	8.697610855	30357.60938	0.069034612
0.58855025	15982.80273	8.695339203	30357.60938	0.069637164
0.588561797	16199.62109	8.694925308	30357.60938	0.070022562
0.58857338	16357.38477	8.69890213	30330.42578	0.070497942
0.588584954	16579.78516	8.695225716	30330.42578	0.070844868
0.588596536	16643.68164	8.698354721	30330.42578	0.071064524
0.588608123	16690.71484	8.695672989	30330.42578	0.071215523
0.588619674	16725.95313	8.696702957	30330.42578	0.071256578
0.588631236	16681.0918	8.696865082	30299.31641	0.071235408
0.588642835	16426.58203	8.697273254	30299.31641	0.070344227
0.588654405	15982.52832	8.695557594	30299.31641	0.069385488
0.58866598	15663.58789	8.696295738	30299.31641	0.0687639
0.588677546	15304.7373	8.695018768	30299.31641	0.067676177
0.588689127	14765.86328	8.696045876	30280.21875	0.066766587
0.588700697	14126.32715	8.693944931	30280.21875	0.065560578
0.588712265	13842.54688	8.701823235	30280.21875	0.065079682
0.588723856	13814.15723	8.692790985	30280.21875	0.065182888
0.588735418	13855.57227	8.690727234	30280.21875	0.065202193
0.588747004	13768.40625	8.693410873	30273.58398	0.065046524
0.58875857	13755.45605	8.695201874	30273.58398	0.065113116
0.588770146	13779.36914	8.692322731	30273.58398	0.065043803
0.588781736	13810.37305	8.696779251	30273.58398	0.065209331
0.588793295	13802.09277	8.690975189	30273.58398	0.065178701
0.588804872	14077.4834	8.689915657	30257.50586	0.065783459
0.588816447	14018.25488	8.693353653	30257.50586	0.065550409
0.588828019	13975.27051	8.695689201	30257.50586	0.065553807
0.588839593	14069.28613	8.692303658	30257.50586	0.065731246
0.588851175	13948.00195	8.695874214	30257.50586	0.065374975
0.588862721	13923.65723	8.698457718	30221.70313	0.065461264
0.588874296	13744.68164	8.69625473	30221.70313	0.065021655
0.588885878	13500.77539	9.021716118	30221.70313	0.064605098
0.588897465	13381.19531	8.888019562	30221.70313	0.064468348
0.588909019	13334.00879	8.74270916	30221.70313	0.064391054
0.588920611	13200.14844	8.711302757	30235.65625	0.064082762
0.588932186	13021.2959	8.701926231	30235.65625	0.06373
0.588943746	12885.72461	8.70152092	30235.65625	0.063570218
0.588955317	12742.60254	8.696029663	30235.65625	0.063368303
0.588966892	12506.25781	8.691464424	30235.65625	0.062925187
0.588978465	12520.80566	8.697275162	30214.69336	0.063115098
0.588990064	12678.64453	8.694174767	30214.69336	0.063308761
0.589001636	12600.46094	8.694410324	30214.69336	0.063060246
0.5890132	12498.34668	8.689129829	30214.69336	0.063009455
0.589024788	12686.06641	8.690802574	30214.69336	0.063332959
0.589036349	12882.63379	8.697477341	30240.61523	0.063735457
0.589047923	13018.36523	8.699307442	30240.61523	0.063842233
0.589059484	12907.05957	8.70003891	30240.61523	0.063528783
0.589071054	12721.80371	8.692527771	30240.61523	0.06323813
0.589082634	12829.56543	8.693552017	30240.61523	0.063557127
0.589094204	12965.80371	8.691362381	30232.00391	0.063781113
0.589105789	13084.63379	8.700655937	30232.00391	0.063944966
0.589117375	13138.06152	8.702776909	30232.00391	0.064001915
0.589128935	13167.97852	8.692728996	30232.00391	0.064143509
0.58914052	13279.38574	8.689947128	30232.00391	0.064408635
0.589152073	13302.81152	8.692018509	30200.92578	0.064455915
0.589163682	13366.39258	8.68370533	30200.92578	0.064524225
0.589175222	13359.52051	8.69197464	30200.92578	0.064443399
0.589186804	13209.50195	8.688623428	30200.92578	0.064214321
0.589198385	13217.36621	8.67419529	30200.92578	0.06425916
0.589209951	13207.53223	8.703785896	30227.28711	0.064175555
0.58922153	13245.10156	8.695623398	30227.28711	0.064256536
0.589233094	13369.96191	8.688408852	30227.28711	0.064490033
0.589244685	13469.93848	8.684327126	30227.28711	0.064771132
0.589256257	13532.14355	8.711468697	30227.28711	0.064779774
0.589267836	13609.74609	8.69997406	30218.10547	0.064912369
0.589279421	13582.09277	8.682658196	30218.10547	0.064863825
0.58929098	13361.92285	8.686685562	30218.10547	0.06438138
0.589302543	13060.64941	8.677968979	30218.10547	0.063808855
0.589314122	12770.84473	8.688732147	30218.10547	0.063372643
0.589325714	12652.47363	8.715834618	30223.63086	0.063129138
0.58933726	12451.36914	8.672105789	30223.63086	0.062849665
0.589348866	12249.05371	8.685769081	30223.63086	0.062479024
0.589360439	12134.61523	8.682734489	30223.63086	0.06242303
0.589372006	12417.16797	8.67757225	30223.63086	0.062978979
0.589383572	12716.25781	8.684281349	30221.32617	0.063378511
0.589395146	12891.58301	8.681265831	30221.32617	0.063702278
0.589406702	12966.42676	8.687372208	30221.32617	0.063808209
0.589418303	13040.59082	8.681347847	30221.32617	0.063881952
0.589429882	12942.89258	8.689949989	30221.32617	0.063669378
0.589441426	12729.39844	8.684911728	30254.76953	0.063204681
0.589453014	12593.5459	8.685117722	30254.76953	0.062965441
0.589464583	12453.28223	8.689553261	30254.76953	0.062801378
0.589476174	12398.30371	8.679875374	30254.76953	0.062776975
0.589487756	12488.48047	8.677719116	30254.76953	0.062931029
0.589499317	12380.84082	8.692846298	30252.35938	0.062709938
0.589510903	12343.36133	8.69349575	30252.35938	0.062719696
0.589522474	12361.01465	8.690267563	30252.35938	0.062652829
0.58953406	12382.68457	8.692751885	30252.35938	0.062732778
0.589545626	12221.05664	8.746678352	30252.35938	0.062280551
0.589557173	11640.4043	8.651835442	30220.8457	0.061350026
0.589568742	10735.62402	8.696045876	30220.8457	0.059873241
0.589580348	9781.551758	8.676854134	30220.8457	0.058680774
0.589591892	9079.491211	8.690535545	30220.8457	0.057924289
0.589603473	8429.59082	8.675369263	30220.8457	0.057124836
0.589615054	7997.416504	8.681184769	30274.47266	0.056584843
0.58962661	7434.967285	8.679162979	30274.47266	0.055928545
0.589638191	6860.819336	8.681279182	30274.47266	0.055292862
0.589649771	6361.618164	8.684706688	30274.47266	0.054797404
0.589661364	5923.883789	8.681294441	30274.47266	0.054397217
0.589672918	5746.958984	8.686006546	30299.72656	0.054257741
0.589684514	5704.129883	8.710063934	30299.72656	0.05421943
0.589696055	5578.855957	8.70284462	30299.72656	0.05402246
0.589707641	5401.506348	8.719968796	30299.72656	0.053838021
0.589719211	5257.470215	8.681502342	30299.72656	0.053823165
0.589730792	5410.47998	8.688473702	30337.65234	0.053886366
0.589742355	5188.51416	8.683060646	30337.65234	0.0536088
0.589753949	4869.697754	8.681553841	30337.65234	0.053312688
0.589765532	4675.40918	8.682541847	30337.65234	0.053167678
0.58977709	4646.040527	8.682458878	30337.65234	0.053123932
0.589788673	4798.869629	8.676674843	30358.67383	0.053306504
0.58980024	4693.796387	8.683404923	30358.67383	0.053215528
0.589811815	4770.457031	8.680169106	30358.67383	0.053233379
0.589823399	4589.213867	8.664349556	30358.67383	0.053054828
0.589834955	4592.357422	8.7272892	30358.67383	0.053117417
0.589846519	4826.07373	8.685264587	30415.28516	0.053309063
0.589858096	4841.03418	8.674191475	30415.28516	0.053173033
0.589869699	4766.957031	8.679948807	30415.28516	0.053203404
0.589881251	4583.174316	8.676932335	30415.28516	0.0529787
0.589892819	4689.773438	8.675794601	30415.28516	0.053133942
0.5899044	4624.583008	8.662503243	30420.86914	0.053100588
0.589915978	4810.07959	8.682880402	30420.86914	0.053225972
0.589927564	4944.932129	8.678423882	30420.86914	0.053337737
0.589939142	4915.647949	8.688950539	30420.86914	0.053239439
0.589950692	4679.94873	8.660916328	30420.86914	0.053038121
0.589962281	4638.075684	8.674768448	30467.1875	0.053039849
0.589973855	4615.622559	8.677197456	30467.1875	0.052960513
0.589985425	4608.113281	8.663013458	30467.1875	0.052887889
0.589996992	4622.871094	8.666212082	30467.1875	0.052997448
0.590008576	4597.928711	8.683793068	30467.1875	0.052927537
0.590020141	4632.632813	8.677474976	30513.63867	0.052988552
0.590031722	4654.391113	8.676513672	30513.63867	0.052974101
0.590043305	4724.184082	8.674592018	30513.63867	0.053016703
0.590054861	4548.067871	8.673846245	30513.63867	0.052826024
0.590066455	4473.574707	8.673564911	30513.63867	0.052878624
0.590078031	4563.265625	8.669857025	30565.14063	0.052861335
0.590089613	4684.648438	8.669524193	30565.14063	0.052848535
0.590101167	4535.75	8.67768383	30565.14063	0.0527627
0.590112744	4502.313965	8.679073334	30565.14063	0.052796743
0.590124298	4425.371582	8.675616264	30565.14063	0.052667421
0.590135872	4487.25293	8.6695261	30638.01953	0.052726101
0.590147451	4722.874512	8.673633575	30638.01953	0.05288314
0.590159026	4850.468262	8.673273087	30638.01953	0.053067037
0.590170622	5050.242676	8.673037529	30638.01953	0.053226225
0.590182173	4798.38916	8.674781799	30638.01953	0.052893858
0.590193755	4892.781738	8.668476105	30711.54492	0.052993138
0.590205322	4900.501465	8.669139862	30711.54492	0.052913214
0.590216898	4687.289551	8.66683197	30711.54492	0.052715424
0.590228492	4474.430176	8.687064171	30711.54492	0.052573741
0.590240056	4386.768555	8.668148041	30711.54492	0.05247887
0.590251622	4456.905273	8.67305088	30711.95703	0.052653351
0.590263212	4828.910645	8.660992622	30711.95703	0.052969949
0.590274767	4679.075195	8.701812744	30711.95703	0.052738064
0.590286336	4666.703125	8.679987907	30711.95703	0.052723729
0.590297909	4612.921875	8.674367905	30711.95703	0.052676988
0.590309507	4501.380371	8.674244881	30774.5293	0.052515995
0.590321075	4632.282715	8.676115036	30774.5293	0.052703725
0.590332634	4781.577637	8.670307159	30774.5293	0.05275477
0.590344207	4762.720703	8.674488068	30774.5293	0.052767702
0.590355778	5000.808594	8.682038307	30774.5293	0.053018575
0.590367357	5222.46582	8.675160408	30800.41797	0.053209378
0.590378929	5162.370605	8.677715302	30800.41797	0.053099836
0.590390513	5216.189941	8.676222801	30800.41797	0.053177713
0.590402078	5303.765625	8.677491188	30800.41797	0.053237866
0.590413659	5332.865723	8.674258232	30800.41797	0.053277149
0.590425224	5327.98877	8.678919792	30842.70508	0.053163827
0.590436806	4992.038086	8.674118042	30842.70508	0.052855263
0.590448389	4849.036133	8.673997879	30842.70508	0.052840078
0.590459949	4824.790527	8.678473473	30842.70508	0.052793597
0.590471521	5053.082031	8.676803589	30842.70508	0.052983529
0.590483093	5213.258301	8.682347298	30877.70703	0.053036722
0.590494676	5253.780762	8.676032066	30877.70703	0.053087305
0.590506253	5170.124023	8.681541443	30877.70703	0.052943907
0.590517849	5297.613281	8.679932594	30877.70703	0.053213589
0.590529392	5532.303223	8.676119804	30877.70703	0.053364561
0.590540975	5314.130371	8.67800045	30875.69922	0.053128609
0.590552552	5148.708984	8.679177284	30875.69922	0.052915932
0.590564141	5586.214355	8.680056572	30875.69922	0.053661003
0.590575685	6389.504395	8.681869507	30875.69922	0.054387496
0.590587268	7074.551758	8.682677269	30875.69922	0.055029064
0.590598845	7434.361816	8.680851936	30904.89258	0.055282137
0.590610426	7019.785645	8.68441391	30904.89258	0.054725382
0.59062199	6856.354004	8.677969933	30904.89258	0.05456516
0.590633562	6426.73584	8.69128418	30904.89258	0.05409631
0.59064515	6212.57666	8.679814339	30904.89258	0.053929581
0.590656737	5755.653809	8.683922768	30919.04688	0.053444788
0.590668291	5417.924805	8.68369484	30919.04688	0.053156342
0.590679852	5103.000977	8.680587769	30919.04688	0.052845417
0.590691435	4932.333008	8.681369782	30919.04688	0.05274516
0.590703006	5137.40625	8.683332443	30919.04688	0.05301048
0.590714585	5231.049805	8.685533524	30967.0332	0.052966172
0.590726177	5318.174805	8.684551239	30967.0332	0.05304817
0.590737731	5261.945801	8.697232246	30967.0332	0.052950872
0.590749309	5337.075195	8.704558373	30967.0332	0.05311626
0.590760889	5356.058105	8.688138962	30967.0332	0.05307891
0.590772457	5507.88916	8.676551819	30986.58594	0.053287072
0.590784032	5475.447754	8.683098793	30986.58594	0.053099153
0.5907956	5473.285156	8.681808472	30986.58594	0.053167673
0.59080718	5513.415527	8.677917481	30986.58594	0.053219006
0.590818768	5635.877441	8.68284893	30986.58594	0.053349774
0.590830344	5512.235352	8.678661346	31029.83984	0.053105696
0.590841901	5185.659668	8.681145668	31029.83984	0.05280163
0.590853472	4987.958984	8.682195664	31029.83984	0.052601606
0.590865043	5017.050293	8.681353569	31029.83984	0.052733115
0.590876635	4975.927734	8.685667992	31029.83984	0.052738158
0.590888212	5136.089355	8.680846214	31063.48438	0.052740457
0.59089978	4881.835938	8.684558868	31063.48438	0.052501048
0.590911347	4777.915039	8.680901527	31063.48438	0.0524805
0.590922912	4886.808594	8.684174538	31063.48438	0.052570662
0.590934505	4884.23877	8.68569088	31063.48438	0.052490909
0.590946083	4592.212402	8.683281899	31129.29883	0.052179041
0.590957661	4416.11084	8.683427811	31129.29883	0.052027571
0.590969217	4612.384277	8.684738159	31129.29883	0.052276061
0.590980797	4774.374512	8.673811913	31129.29883	0.052332299
0.59099236	4768.04834	8.665726662	31129.29883	0.052445838
0.59100394	5051.499512	8.680034638	31198.01172	0.052599626
0.591015506	5282.694824	8.681167603	31198.01172	0.05278156
0.591027076	5249.702637	8.683563232	31198.01172	0.052655556
0.591038648	5213.710449	8.684891701	31198.01172	0.052747884
0.591050223	5468.92041	8.683737755	31198.01172	0.052989471
0.591061812	5265.480957	8.680386543	31246.9707	0.052598024
0.591073374	5042.136719	8.685808182	31246.9707	0.052423741
0.591084943	4929.950684	8.686195374	31246.9707	0.052425078
0.591096527	5027.713867	8.685033798	31246.9707	0.05242578
0.591108109	5081.063477	8.684206009	31246.9707	0.052521144
0.591119696	4950.87793	8.684244156	31290.70508	0.052378004
0.591131262	4910.416992	8.683776856	31290.70508	0.052356941
0.59114285	5112.836426	8.681672096	31290.70508	0.052558768
0.591154389	5560.503906	8.686254501	31290.70508	0.053083608
0.59116598	6318.492676	8.688876152	31290.70508	0.053788169
0.591177566	6990.106445	8.683693886	31355.71484	0.054346483
0.591189136	7506.282715	8.684269905	31355.71484	0.054806334
0.591200688	7712.206543	8.684918404	31355.71484	0.054926249
0.591212278	7227.334473	8.686905861	31355.71484	0.054399671
0.591223848	7086.835449	8.682463646	31355.71484	0.054242931
0.591235426	6802.6875	8.682055473	31415.66992	0.053882005
0.591247	6563.879883	8.682839394	31415.66992	0.05369995
0.591258555	6498.63623	8.682559967	31415.66992	0.053611969
0.591270129	6338.374023	8.681653976	31415.66992	0.053386893
0.591281722	6295.493652	8.68174839	31415.66992	0.053447295
0.591293303	5995.947266	8.683239937	31497.39258	0.053149322
0.59130486	6035.439941	8.691337585	31497.39258	0.05311341
0.591316447	5947.160645	8.686297417	31497.39258	0.052999583
0.591327994	5992.930176	8.689826012	31497.39258	0.053108047
0.591339602	5993.437012	8.68662262	31497.39258	0.053006132
0.591351181	5633.013184	8.683169365	31533.5	0.052592672
0.591362752	5542.547363	8.684453011	31533.5	0.052601013
0.591374316	5617.743164	8.687988281	31533.5	0.052683523
0.591385885	5539.123535	8.684265137	31533.5	0.052547949
0.591397466	5536.138672	8.683318138	31533.5	0.05264046
0.591409029	5443.814453	8.68514061	31603.04492	0.052421574
0.591420599	5616.014648	8.684577942	31603.04492	0.052684932
0.591432187	5910.282715	8.683261871	31603.04492	0.052923586
0.591443742	5965.343262	8.684344292	31603.04492	0.052891474
0.591455318	5958.767578	8.686846733	31603.04492	0.052925535
0.591466889	5903.007324	8.686607361	31662.84375	0.052831857
0.591478505	6334.263672	8.683590889	31662.84375	0.053327726
0.591490052	6702.118164	8.685165405	31662.84375	0.053568306
0.591501651	6641.549316	8.688799858	31662.84375	0.053460723
0.591513209	6468.169922	8.686532974	31662.84375	0.053325289
0.591524776	6314.91748	8.687815666	31733.0957	0.053047064
0.591536355	6212.111328	8.686008453	31733.0957	0.052999149
0.591547915	5947.368164	8.683829308	31733.0957	0.052753473
0.591559494	5792.02832	8.689535141	31733.0957	0.052539234
0.59157109	5690.424316	8.690853119	31733.0957	0.052516185
0.591582637	5533.606934	8.686975479	31784.98047	0.052301486
0.591594234	5352.437988	8.693757057	31784.98047	0.0521925
0.59160578	5212.296387	8.686834335	31784.98047	0.052032197
0.591617374	5096.584473	8.693719864	31784.98047	0.051965459
0.591628933	5031.164063	8.686310768	31784.98047	0.051829622
0.591640505	4956.960938	8.700187683	31847.73633	0.05179224
0.591652107	5262.561035	8.69597435	31847.73633	0.052092724
0.59166365	5440.353516	8.717177391	31847.73633	0.052189373
0.591675226	5433.006836	8.669647217	31847.73633	0.052119438
0.591686803	5299.720215	8.683922768	31847.73633	0.051972495
0.591698376	4963.412598	8.692547798	31917.78906	0.051640022
0.591709965	4825.208496	8.692885399	31917.78906	0.05162467
